111.2487086 31.20912691
111.2493736 31.20763261
111.2493748 31.20900318
111.2493915 31.20752554
111.2495842 31.20897463
111.2496032 31.20868909
111.2507229 31.21294674
111.2514463 31.21317517
111.2532013 31.21328998
111.2532871 31.27886244
111.2535725 31.21347082
111.2536392 31.21333757
111.2538771 31.21438453
111.2540445 31.20846919
111.2541341 31.21447971
111.2542102 31.21481283
111.2542198 31.21330902
111.2543625 31.21368021
111.2545743 31.21523575
111.254591 31.21270939
111.2546107 31.21524796
111.2547908 31.21509837
111.2547908 31.21509837
111.2549772 31.20913544
111.2554531 31.20913544
111.2558338 31.20827883
111.2560261 31.21556253
111.2567716 31.19459941
111.2568252 31.19448639
111.2569442 31.19454587
111.2594588 31.28092282
111.2606855 31.21619921
111.2616491 31.21659182
111.2624381 31.24199867
111.2631758 31.24218903
111.2634996 31.25193813
111.2635889 31.25149199
111.2637673 31.25113507
111.2638415 31.24408153
111.2638863 31.25265197
111.2642031 31.24470971
111.2642659 31.25433518
111.2642983 31.24446224
111.2642983 31.24446224
111.2643622 31.25086738
111.2643622 31.25238428
111.2643622 31.25238428
111.2647742 31.24665135
111.2648381 31.25059969
111.2648884 31.24750795
111.2649075 31.24722242
111.2650026 31.24693688
111.2651652 31.25095661
111.265195 31.25134327
111.265195 31.25134327
111.2652311 31.24718435
111.2652545 31.25265197
111.2653453 31.24771735
111.2653453 31.24800288
111.2655222 31.25303864
111.2655222 31.25303864
111.2655519 31.25104584
111.2659088 31.25196788
111.2663433 31.29594951
111.2663935 31.283312
111.2665334 31.25205711
111.2666322 31.2505592
111.2667511 31.25063653
111.2667933 31.28335007
111.2669715 31.29594951
111.2670093 31.25229505
111.2670093 31.25229505
111.2670407 31.2825125
111.2675356 31.282246
111.2677329 31.28060584
111.2678783 31.28228407
111.2678871 31.23909573
111.2679995 31.29572109
111.2679995 31.29572109
111.2684494 31.28095158
111.2686847 31.29600662
111.2687159 31.28118
111.2688887 31.30225334
111.2689824 31.28038051
111.2689824 31.28344525
111.2690274 31.29652058
111.2691917 31.28076122
111.2691987 31.29446473
111.2694582 31.28095158
111.2694842 31.29497869
111.2694842 31.29720587
111.2694842 31.29720587
111.2696008 31.31810466
111.2697673 31.31712908
111.2699101 31.31794999
111.270041 31.31771204
111.270148 31.31793809
111.2701956 31.31662939
111.2702789 31.31756928
111.2703808 31.24094219
111.2703956 31.31717092
111.2704574 31.31773584
111.2708091 31.24104213
111.270909 31.24052816
111.2709233 31.24091364
111.2710803 31.24098502
111.2715372 31.23965728
111.2715372 31.24052816
111.2716371 31.23981432
111.2718513 31.24065665
111.2718656 31.23992854
111.2718798 31.23978577
111.2720873 31.31653421
111.2722342 31.25115713
111.2722653 31.24068521
111.2722939 31.24087081
111.2725324 31.31742028
111.272534 31.25136414
111.2725626 31.25117141
111.2726508 31.24039967
111.2726942 31.31650657
111.272765 31.24071376
111.272791 31.25052181
111.272791 31.25102864
111.2728464 31.31740125
111.2730308 31.30124381
111.2732647 31.24045678
111.2734217 31.24035684
111.2735698 31.31767726
111.2735834 31.25004354
111.2742829 31.25104291
111.2743217 31.25614056
111.2743543 31.25147836
111.274386 31.31282999
111.27439 31.25133559
111.2744074 31.25665452
111.2744352 31.25300597
111.2745406 31.25573129
111.274612 31.31075985
111.2746638 31.240153
111.2747024 31.25674018
111.2747352 31.23984367
111.2747493 31.25272043
111.2748304 31.24041474
111.2748542 31.23941537
111.2748642 31.25657838
111.2748873 31.25282513
111.2749063 31.25256815
111.2749975 31.25638802
111.2750683 31.23912983
111.2750683 31.23912983
111.2751257 31.25238027
111.2751375 31.25213043
111.2752038 31.25128562
111.2752825 31.24065269
111.2754067 31.31054808
111.2754203 31.25256815
111.27554 31.25626429
111.2755464 31.25130466
111.2755559 31.25289176
111.275568 31.24072407
111.2755918 31.2397009
111.2755918 31.23993885
111.2756035 31.25093346
111.2756385 31.25660884
111.2756637 31.25606442
111.2757488 31.2415085
111.2757488 31.24167982
111.2758726 31.24137525
111.2758891 31.2508478
111.2759249 31.24093822
111.2759297 31.24335496
111.2759725 31.24012921
111.2760097 31.25665167
111.2760439 31.24109923
111.2760439 31.24165206
111.2760439 31.24165206
111.2760509 31.25083828
111.2760677 31.24129514
111.2760677 31.24129514
111.2762262 31.25051983
111.2762388 31.25281561
111.2762559 31.2518092
111.2762628 31.24256498
111.2762723 31.24123248
111.2762723 31.24145139
111.2762864 31.25242538
111.2762916 31.25129762
111.2763238 31.25628047
111.2763294 31.24107068
111.2763381 31.2566945
111.276377 31.24266016
111.2763987 31.25062691
111.2764008 31.23998644
111.2764046 31.25035327
111.2764102 31.25232069
111.2764197 31.25202563
111.2764246 31.24160368
111.2764437 31.24240318
111.2764437 31.24240318
111.2764627 31.24210812
111.2765057 31.25065516
111.2765103 31.24266968
111.2765244 31.25218744
111.2765293 31.24120393
111.2765533 31.25164264
111.2765912 31.23965331
111.2765959 31.2435358
111.276615 31.2430028
111.2766626 31.23941537
111.2766742 31.31528714
111.2766816 31.24128007
111.2766911 31.24365002
111.2767101 31.24143791
111.2767101 31.24275534
111.2767339 31.24062889
111.2767339 31.24062889
111.2767482 31.24323123
111.2767482 31.24323123
111.2767521 31.25648035
111.2767563 31.31720022
111.2767813 31.31572258
111.2768053 31.24256498
111.2768291 31.23893948
111.276872 31.24325978
111.2769329 31.25680395
111.2769386 31.24334544
111.2769386 31.24334544
111.2769957 31.23974849
111.2769957 31.23974849
111.2769957 31.24159416
111.2770433 31.24020059
111.2770768 31.25059568
111.2770947 31.25639469
111.2770947 31.25639469
111.2771099 31.24167982
111.2771147 31.24055751
111.2771233 31.25618053
111.2772661 31.25618053
111.2772782 31.32601029
111.2772812 31.2392726
111.2772946 31.25668022
111.2772946 31.2568801
111.277305 31.24179483
111.277305 31.24179483
111.2773288 31.23993885
111.2773383 31.24316461
111.2774002 31.2388443
111.2775096 31.24359291
111.2775516 31.2560806
111.2775572 31.24383085
111.2775906 31.2414617
111.2776143 31.2392726
111.2776143 31.24279341
111.2776239 31.24309798
111.2776468 31.25641372
111.2776589 31.32429707
111.2776589 31.32429707
111.2777333 31.23965331
111.2777895 31.25641372
111.2778047 31.24081925
111.2778428 31.24215571
111.2778761 31.24129514
111.2779094 31.24226041
111.2779237 31.23991505
111.2779647 31.31661365
111.2779656 31.25588072
111.2779656 31.25625192
111.2779704 31.25668022
111.2779758 31.25246214
111.2780426 31.24086684
111.2780998 31.24368809
111.2781188 31.24346918
111.2781369 31.2561377
111.2781512 31.25642324
111.2781512 31.25642324
111.2781512 31.25690865
111.2782806 31.23829702
111.2783044 31.24139032
111.2783225 31.25590928
111.2783567 31.24352628
111.2783613 31.25275482
111.2783939 31.25625192
111.2784234 31.2401768
111.2784472 31.23932019
111.2784541 31.25263347
111.2784805 31.24341207
111.278509 31.24289811
111.278509 31.24319316
111.2785155 31.32658136
111.2785423 31.24153309
111.278551 31.25665167
111.2785541 31.25093881
111.2785661 31.24074787
111.2785938 31.2560806
111.2786795 31.25640896
111.2786992 31.25108396
111.2787089 31.23898707
111.2787089 31.23898707
111.2787089 31.23948675
111.2787089 31.2410334
111.2787794 31.25673733
111.2787794 31.25673733
111.2788041 31.23834461
111.2788041 31.23834461
111.2788079 31.25649462
111.2788517 31.23979608
111.2788517 31.23979608
111.2788755 31.23920122
111.2788848 31.2510792
111.2789222 31.25628047
111.2789443 31.25091026
111.2789562 31.25123625
111.2790182 31.24041474
111.2790193 31.25694071
111.279042 31.24198519
111.2790691 31.31727161
111.2790935 31.25656601
111.279122 31.25620909
111.2791372 31.24117617
111.2791506 31.25642324
111.2791848 31.24022438
111.2791848 31.24165206
111.2792086 31.23939157
111.2792324 31.23782113
111.2793131 31.25081508
111.2793647 31.25636613
111.2794227 31.2414855
111.2794703 31.23765457
111.2794932 31.25659456
111.2795893 31.23943916
111.2796131 31.24181862
111.2797083 31.23736903
111.2797083 31.23736903
111.2797083 31.24079546
111.2797383 31.25292989
111.2798216 31.25648035
111.2798275 31.25254323
111.2799462 31.24117617
111.2799938 31.24050992
111.2799938 31.24050992
111.2800215 31.25656601
111.2800484 31.24982998
111.2800652 31.23986747
111.280125 31.252454
111.280125 31.25331656
111.2801366 31.24131894
111.2801366 31.24131894
111.2801842 31.24072407
111.2802071 31.25683727
111.2803269 31.23958193
111.2803629 31.25361399
111.2803784 31.25700859
111.2803784 31.25848227
111.2803927 31.25477398
111.2803981 31.25022973
111.2804069 31.25675161
111.2804165 31.25875828
111.2804224 31.25275143
111.280464 31.25836805
111.2804831 31.25760663
111.2805021 31.25735916
111.2805497 31.2587678
111.2805592 31.25772084
111.2805687 31.25803493
111.2805837 31.25022973
111.2806194 31.24903049
111.2806259 31.25883443
111.2806544 31.25832998
111.2806604 31.25417911
111.2806604 31.25516064
111.2807194 31.25012266
111.2807314 31.2414617
111.2807496 31.25325707
111.2807781 31.25891057
111.2808074 31.29956998
111.2808638 31.25843468
111.2808638 31.25843468
111.2808686 31.25382219
111.2809685 31.25862503
111.2810263 31.24954445
111.2810358 31.29988407
111.281047 31.25426834
111.2810922 31.25821577
111.2811684 31.2590343
111.2811969 31.25843468
111.2812064 31.25889153
111.2812064 31.25889153
111.2812073 31.24186621
111.2812255 31.25352476
111.2812255 31.25832998
111.2812255 31.25859648
111.2812731 31.25878684
111.2813501 31.24124755
111.2813778 31.25853937
111.2814215 31.24086684
111.2814349 31.25890105
111.2814625 31.25939328
111.2814929 31.24012921
111.2814929 31.24012921
111.2814929 31.2419138
111.2815167 31.23967711
111.2815586 31.25742579
111.281588 31.24055751
111.281588 31.24055751
111.281588 31.24165206
111.2816552 31.25932904
111.2817204 31.25826336
111.2817204 31.25853937
111.2817476 31.29080375
111.281749 31.25750193
111.2818224 31.24799816
111.2818346 31.25839661
111.2818632 31.25826336
111.2818694 31.25958602
111.2818727 31.25800637
111.2819237 31.28908816
111.2819488 31.25766373
111.2819679 31.25848227
111.2820155 31.2579112
111.282044 31.25825384
111.2820484 31.24783159
111.2820639 31.23932019
111.2820639 31.23932019
111.2820692 31.25945753
111.2820821 31.25806348
111.2820821 31.25806348
111.2820906 31.25968596
111.2821011 31.25837757
111.2821066 31.29968419
111.2821591 31.23998644
111.2821591 31.23998644
111.2821773 31.25763518
111.282215 31.24792677
111.2822572 31.25860092
111.2822827 31.29915119
111.2822946 31.28843132
111.2823044 31.25987515
111.2823167 31.25842246
111.2823581 31.2574353
111.2823881 31.25775621
111.2823905 31.25971451
111.2824207 31.29975558
111.2824209 31.23979608
111.2824595 31.25829159
111.2824662 31.28883117
111.2824833 31.25800606
111.2825485 31.2573782
111.2825558 31.28654811
111.2825636 31.24046233
111.2825874 31.23998644
111.2826016 31.24842051
111.2826855 31.25829159
111.2827674 31.25736868
111.2828492 31.23943916
111.2828492 31.24079546
111.2828633 31.29928444
111.2829205 31.23989126
111.2829205 31.23989126
111.2829841 31.28579858
111.2830529 31.25736868
111.2831585 31.24048613
111.2833908 31.25257297
111.2834241 31.25746386
111.2835322 31.2910298
111.2836979 31.28654811
111.2837001 31.25758759
111.2837715 31.25319163
111.2838407 31.28611981
111.2839834 31.28294323
111.2839935 31.30964785
111.2841865 31.28994714
111.2842333 31.28372845
111.284269 31.28636965
111.2843047 31.28333584
111.2844831 31.28494197
111.2845435 31.2896854
111.2847687 31.28608411
111.2849114 31.2835143
111.2849114 31.28515612
111.2849114 31.28515612
111.2849114 31.28651242
111.2850904 31.3004361
111.2851383 31.28981627
111.285304 31.28212231
111.2853397 31.28562012
111.2853397 31.28597704
111.2854807 31.30035044
111.2855666 31.28978058
111.2856253 31.28176539
111.2858037 31.28337153
111.2858037 31.28337153
111.2858352 31.30963358
111.2858757 31.29829935
111.2860179 31.28533458
111.2860179 31.28533458
111.2861606 31.28180108
111.2864105 31.28476351
111.2865889 31.28194385
111.2868031 31.28105155
111.2869459 31.28490628
111.2870529 31.28151555
111.2872036 31.2351716
111.2872462 31.30046942
111.2872671 31.28012356
111.2873749 31.23290635
111.2874099 31.28183678
111.287432 31.23494317
111.2874891 31.23471474
111.2875081 31.23313478
111.2875081 31.23332514
111.2875653 31.23452439
111.2877175 31.2370371
111.2879809 31.2799808
111.287991 31.30957647
111.2880411 31.23699903
111.2880523 31.28033772
111.288088 31.28294323
111.2880983 31.23302057
111.2881309 31.30929569
111.2881554 31.23671349
111.2881931 31.28533458
111.2882505 31.23785563
111.288431 31.28585806
111.2884409 31.23321092
111.2884806 31.2830503
111.288498 31.23667542
111.288498 31.23768431
111.2887074 31.23349646
111.2888214 31.30871663
111.2888597 31.23361067
111.289016 31.28326445
111.289016 31.28326445
111.289031 31.23772238
111.2890973 31.28504905
111.2891588 31.28048048
111.2891588 31.28048048
111.2892594 31.23473378
111.2894117 31.23686578
111.2894449 31.30069784
111.2894498 31.23766527
111.2894879 31.23496221
111.2895871 31.28379983
111.2895871 31.31022368
111.2896592 31.23680867
111.2896804 31.30977449
111.2896972 31.23745588
111.2897163 31.23764624
111.2897304 31.29995545
111.2898686 31.23530485
111.2898686 31.23680867
111.2899012 31.31040928
111.2899445 31.30095483
111.290116 31.23675156
111.2902534 31.30968592
111.2903269 31.24492301
111.2903962 31.30956219
111.2904016 31.2365612
111.2906868 31.27062452
111.2906871 31.23633278
111.2908105 31.28457316
111.2908105 31.28457316
111.2909981 31.28110985
111.2909981 31.28191887
111.2911525 31.26978722
111.2912388 31.28504905
111.2913261 31.29065543
111.2913977 31.24551787
111.2914292 31.28414485
111.2917546 31.2445066
111.2919526 31.28466833
111.2923473 31.17766522
111.2925237 31.28452557
111.2925852 31.1777842
111.292611 31.2907863
111.2927042 31.17797455
111.2928351 31.17817681
111.2929778 31.17805783
111.2930472 31.2843828
111.2930968 31.17831958
111.2932634 31.17831958
111.2933724 31.29160721
111.2935271 31.29105994
111.2935707 31.28433521
111.2936699 31.29215449
111.2937889 31.29126219
111.2939514 31.28381173
111.2940367 31.17801025
111.2940387 31.29190464
111.2944888 31.17814112
111.29457 31.28381173
111.294586 31.29189275
111.2946726 31.28879647
111.2950315 31.34063381
111.2950935 31.28357378
111.2953361 31.3399866
111.2953607 31.23342991
111.2953791 31.28409726
111.2953791 31.28409726
111.2953791 31.28409726
111.2955273 31.23364406
111.2957362 31.28908201
111.2957598 31.28352619
111.295908 31.23383442
111.2959167 31.33969154
111.2959377 31.23360242
111.2960329 31.23375113
111.2960389 31.23341801
111.2960453 31.28428762
111.2961281 31.23361431
111.2961853 31.28063396
111.2962593 31.3403102
111.2965184 31.28149056
111.2968414 31.23511868
111.2969943 31.28144297
111.297382 31.23493889
111.2973962 31.23289731
111.2974533 31.234532
111.2975319 31.23487464
111.2975747 31.23300439
111.2975818 31.2344392
111.2976175 31.23280451
111.2976675 31.23310432
111.2976892 31.28873044
111.2977888 31.23301866
111.297796 31.23326851
111.2978245 31.23494603
111.297846 31.23477471
111.2978531 31.23441065
111.2979271 31.28951091
111.2979602 31.23437496
111.2980244 31.23427502
111.2980315 31.23344697
111.2981386 31.23473188
111.2981672 31.23427502
111.2982029 31.23269744
111.2982243 31.23443206
111.2982528 31.23381102
111.2983385 31.23259036
111.2983385 31.23259036
111.2983599 31.23438923
111.2984476 31.23482124
111.2984527 31.23494603
111.2984599 31.23281165
111.298491 31.28916827
111.2985241 31.23507452
111.2985883 31.23281165
111.2986026 31.23186938
111.2986157 31.23570872
111.2986347 31.23469031
111.2986347 31.23469031
111.2986383 31.23272599
111.2986442 31.23489971
111.2986442 31.23489971
111.2986537 31.23538512
111.2986597 31.23291873
111.2986811 31.23259036
111.2986823 31.23452851
111.2986823 31.23452851
111.2987739 31.23279023
111.2987775 31.23525187
111.2987775 31.2356421
111.2987882 31.23312574
111.2987954 31.23234766
111.298806 31.23499488
111.2988453 31.23260464
111.2988726 31.23577535
111.298881 31.23200501
111.2988953 31.2328402
111.2989322 31.24676269
111.2989393 31.2344714
111.2989393 31.23568969
111.2989393 31.23568969
111.2989583 31.23541367
111.2989583 31.23541367
111.2989869 31.23464272
111.2989869 31.2351091
111.2989869 31.2351091
111.2989881 31.23238335
111.2989917 31.24714935
111.2989952 31.23216206
111.299044 31.23476646
111.2990621 31.28907547
111.2990738 31.23235479
111.2991201 31.23490922
111.2991296 31.23453803
111.2991743 31.28453152
111.2991867 31.23514717
111.2992153 31.23499488
111.2992248 31.23482356
111.2992534 31.23461417
111.2992635 31.28503715
111.2993022 31.23182655
111.2993664 31.23166951
111.2994235 31.23155529
111.2994307 31.23144108
111.2995092 31.23128404
111.2995886 31.2891945
111.2996205 31.28539407
111.2996817 31.23548029
111.2996817 31.23654629
111.2997233 31.23204784
111.2997519 31.23150533
111.2998149 31.23492826
111.2998149 31.23492826
111.2998149 31.23492826
111.2998435 31.23523283
111.2998804 31.23189794
111.2999006 31.23643208
111.2999291 31.23844986
111.2999518 31.23152674
111.3000148 31.23487115
111.3000624 31.23514717
111.3000624 31.23514717
111.3001004 31.23477597
111.3001088 31.23160526
111.3001385 31.23526138
111.3001762 31.29435658
111.3001766 31.2366034
111.3002337 31.23524235
111.3002527 31.23545174
111.3002527 31.23570872
111.3002718 31.2346808
111.3002748 31.28390691
111.3002748 31.28465049
111.3003669 31.23463321
111.3003669 31.23650822
111.300386 31.2343096
111.3004336 31.23449044
111.3004431 31.23839276
111.3004812 31.2355374
111.3004943 31.23155529
111.3005002 31.23490922
111.3005002 31.23507103
111.3005086 31.23171234
111.3005086 31.2319836
111.3005228 31.23139111
111.3005573 31.23890672
111.3005763 31.23934454
111.3005763 31.23934454
111.3006799 31.23264747
111.3006902 31.29377123
111.3006906 31.23648919
111.3006942 31.23243332
111.3007381 31.23557547
111.3007477 31.23546126
111.3007758 31.2949562
111.3007953 31.23481405
111.3008155 31.23294014
111.3008187 31.29525602
111.3008472 31.29467067
111.3008619 31.23538512
111.3008619 31.23871636
111.3008798 31.23309005
111.3009095 31.23480453
111.3009591 31.28799525
111.3010237 31.23474742
111.3010237 31.23539463
111.3011522 31.23705074
111.3011724 31.2325047
111.3011855 31.23641304
111.3012327 31.29462784
111.3012331 31.23548029
111.3012426 31.23871636
111.3013223 31.23252611
111.3014139 31.23650822
111.3014234 31.23565162
111.301452 31.23690321
111.3014865 31.23338272
111.3015138 31.23703646
111.3015281 31.23565162
111.3015948 31.23536608
111.3016436 31.23344697
111.3016578 31.23323995
111.3016852 31.23718399
111.3017566 31.23556596
111.3017946 31.23679376
111.301818 31.2943423
111.3018613 31.23710309
111.3018708 31.23759326
111.3018898 31.23548029
111.3019088 31.23645111
111.3019279 31.23561354
111.3019279 31.23801204
111.3019374 31.23774554
111.3019395 31.28785248
111.3020727 31.28885186
111.3020992 31.2376694
111.3021182 31.23643208
111.3021373 31.23886865
111.3022229 31.23819288
111.3022441 31.28790007
111.3022515 31.23622269
111.3023324 31.2369508
111.3023419 31.23705074
111.3024989 31.23700315
111.3025085 31.23767892
111.3025465 31.23686038
111.3026465 31.23698887
111.3026512 31.239059
111.3027274 31.23749808
111.302739 31.287862
111.3027464 31.23696508
111.3028035 31.23688894
111.3029484 31.28825223
111.3029558 31.23749808
111.3029558 31.23760277
111.3029939 31.23913515
111.3030911 31.28815705
111.3038716 31.28784772
111.3039266 31.23726965
111.3039332 31.28926069
111.3040599 31.23741242
111.3040832 31.23653725
111.3041646 31.2375647
111.3042402 31.23666574
111.3042688 31.23653011
111.3042759 31.23644445
111.3042973 31.23605898
111.3043169 31.2376694
111.3043264 31.23811674
111.3043616 31.23558071
111.3043644 31.23776458
111.3043644 31.23797397
111.3043687 31.23574489
111.3043687 31.23672999
111.3043944 31.28020566
111.3043944 31.28020566
111.3043973 31.23623744
111.3044116 31.23655867
111.3044258 31.23599473
111.304433 31.23682993
111.3044837 31.28053283
111.3044901 31.23642304
111.3044972 31.23586624
111.3045044 31.23551646
111.3045115 31.23673713
111.3045472 31.23560212
111.3046614 31.23675854
111.3047399 31.23633738
111.3047685 31.23605898
111.3047811 31.28118718
111.3047899 31.2365087
111.3049969 31.23568065
111.3051083 31.28088975
111.3051111 31.23578772
111.3051611 31.23565923
111.3052273 31.28008668
111.3053165 31.28053283
111.3053462 31.27967028
111.3054057 31.28127641
111.3054758 31.24732781
111.3054949 31.28083026
111.3056286 31.28316333
111.3056437 31.27961079
111.3056437 31.27961079
111.3059114 31.28139539
111.3059451 31.23788664
111.3059478 31.18783567
111.3059594 31.23774388
111.3060786 31.18835915
111.3061196 31.27883747
111.3061342 31.2865838
111.3062088 31.28038411
111.3062088 31.28038411
111.3062193 31.24765499
111.3062809 31.18797843
111.3063872 31.27993797
111.3064118 31.18751444
111.3065376 31.23661601
111.3065447 31.23771532
111.3065506 31.28694072
111.3066304 31.23762966
111.3066549 31.27856978
111.3066804 31.2368373
111.3067211 31.18741926
111.306725 31.24905292
111.3067303 31.23747262
111.3067732 31.23719422
111.3067803 31.23699435
111.3067946 31.23765822
111.3069226 31.27928361
111.3069302 31.23718708
111.3069302 31.2374512
111.3069821 31.27812363
111.3070016 31.23707287
111.3070119 31.27862926
111.3070444 31.23678019
111.3071397 31.32484448
111.3071752 31.28616739
111.3072943 31.23683016
111.307339 31.28008668
111.3075875 31.24940984
111.3076809 31.28592945
111.3077257 31.27773696
111.3077257 31.28032463
111.3078149 31.27987848
111.3079444 31.24914215
111.3079535 31.32484448
111.3079572 31.23872326
111.3080378 31.28563202
111.3080529 31.28053283
111.3080807 31.24547504
111.3080807 31.24547504
111.3080807 31.24547504
111.3083206 31.28014617
111.3084569 31.23863998
111.3085164 31.23887793
111.3086234 31.23808081
111.3086477 31.27779645
111.3086477 31.27779645
111.3086583 31.24899343
111.3087424 31.23798563
111.3088231 31.24496108
111.3088257 31.23817599
111.308909 31.23873516
111.3089328 31.23779527
111.3089685 31.23821168
111.3089749 31.276458
111.3090047 31.27675544
111.3090279 31.23725989
111.3090344 31.27868875
111.3090344 31.27904567
111.3090398 31.23691487
111.3090398 31.23804512
111.3091086 31.24547504
111.309135 31.23753353
111.309135 31.23885413
111.3092302 31.23797373
111.3092573 31.28634585
111.3092573 31.28682175
111.3093021 31.27622006
111.3093021 31.27622006
111.3093492 31.23805701
111.3093616 31.2769339
111.3093616 31.2769339
111.3094681 31.24009383
111.3095443 31.24064587
111.3095844 31.28667303
111.3095844 31.28705969
111.3096226 31.24467554
111.3096293 31.27657698
111.3096585 31.23750974
111.3096737 31.28610791
111.3097185 31.27999745
111.3099568 31.23162192
111.3099854 31.23141253
111.3100159 31.27684467
111.3100805 31.23195504
111.3101281 31.23208829
111.3101472 31.23183131
111.3101472 31.23183131
111.3101662 31.23090808
111.3102971 31.23208036
111.3103134 31.27785594
111.3103209 31.23175914
111.310328 31.23138397
111.3103566 31.23120313
111.3104708 31.23144108
111.3105088 31.23156481
111.3105469 31.23179483
111.3105469 31.23210416
111.3105513 31.27651749
111.3106108 31.27684467
111.3107076 31.24399026
111.3107076 31.24399026
111.3107135 31.23196139
111.3107595 31.28080052
111.3108919 31.23204467
111.3108919 31.23237779
111.3109633 31.23227072
111.311014 31.23911111
111.3110735 31.23890886
111.3111759 31.27916464
111.3112044 31.23886127
111.3112354 31.27666621
111.3112638 31.23986064
111.3112964 31.23258005
111.3113246 31.27871849
111.3113709 31.23905163
111.3115256 31.23983685
111.3115626 31.27854003
111.3115642 31.24359051
111.3115642 31.24359051
111.3115674 31.18431213
111.3116103 31.18441564
111.3116565 31.23687442
111.3116803 31.23655319
111.3116803 31.23718375
111.3117041 31.23751688
111.3117754 31.2378619
111.3118111 31.23622007
111.3118706 31.23677924
111.3118708 31.18397663
111.3118922 31.18389097
111.3119539 31.23692201
111.3119777 31.23855194
111.3119777 31.23884937
111.3119922 31.18401589
111.3120134 31.23811174
111.3120338 31.18458934
111.3120372 31.23902783
111.312046 31.23167585
111.3120491 31.2365413
111.312112 31.18461462
111.3121324 31.23911111
111.3121353 31.24570347
111.3121412 31.23196139
111.3121799 31.23646991
111.3121846 31.24877928
111.3121918 31.23846866
111.3121918 31.23846866
111.3122006 31.23219934
111.3123077 31.23135463
111.3124029 31.23174724
111.3125273 31.248627
111.3125654 31.2492171
111.3125668 31.18434187
111.3126082 31.23840917
111.3126257 31.24047455
111.3126428 31.1836208
111.3126525 31.18446561
111.3126796 31.24877928
111.3127001 31.18395164
111.3127024 31.18371251
111.3127241 31.23206847
111.3128161 31.23640091
111.3128699 31.2497501
111.3129026 31.23194949
111.3129264 31.23212795
111.3129348 31.24724536
111.312974 31.23140222
111.3129919 31.24524661
111.3130022 31.18358401
111.3130064 31.23720041
111.3130454 31.23111668
111.3130558 31.18353405
111.3130635 31.23746691
111.3130635 31.24058876
111.3131048 31.23154498
111.3131206 31.23674355
111.3131405 31.23166396
111.3131587 31.23693391
111.3132158 31.23651512
111.3132158 31.23651512
111.3132729 31.24056972
111.3133839 31.24990239
111.3134062 31.23611537
111.3134823 31.24053165
111.3134856 31.23106909
111.3135013 31.23988444
111.3136283 31.23123565
111.3136346 31.23935144
111.3136504 31.24992142
111.3136536 31.2400748
111.3137678 31.23881844
111.3137678 31.23881844
111.3138059 31.24043647
111.3138485 31.24604611
111.3138485 31.24741668
111.3139201 31.23992251
111.3139582 31.24096947
111.3140121 31.25009274
111.3140724 31.23832351
111.3141653 31.23126706
111.3141866 31.23946565
111.3142176 31.23232354
111.3142437 31.23811412
111.3143008 31.23912301
111.3143547 31.25011178
111.3143579 31.24127404
111.3143625 31.25055757
111.3144127 31.23124803
111.3144196 31.24307655
111.3144196 31.24781643
111.3144223 31.23138128
111.3144223 31.23195235
111.3144341 31.23691487
111.3144767 31.24370472
111.3146174 31.23322298
111.3146402 31.25011178
111.3146602 31.23239493
111.3146625 31.23685776
111.3146815 31.2414644
111.3147622 31.25107153
111.3148173 31.23346568
111.3149267 31.23203801
111.3149648 31.23122899
111.31506 31.23193331
111.3150695 31.23043901
111.3150813 31.23647705
111.3150813 31.23647705
111.3151049 31.2483304
111.3151111 31.23622705
111.3151171 31.23143838
111.3152191 31.24564636
111.3152191 31.24684561
111.3152191 31.24684561
111.3152336 31.23632477
111.3152762 31.24421869
111.3153205 31.23532285
111.3153415 31.23115237
111.315355 31.23180006
111.3154312 31.23191428
111.3154728 31.23542755
111.3155046 31.25010071
111.3155046 31.25010071
111.3155953 31.23651512
111.3156479 31.25150582
111.3156714 31.2379428
111.3157331 31.2475309
111.3157643 31.23115285
111.3157643 31.23199042
111.315888 31.23148597
111.3158975 31.23178103
111.3159832 31.23140031
111.315988 31.23420808
111.315995 31.23537298
111.3160712 31.23815219
111.3160724 31.2372169
111.3160724 31.23767376
111.3160879 31.23119092
111.3161355 31.23216174
111.3162211 31.23241872
111.3162211 31.23255197
111.3162234 31.23752401
111.3163041 31.24815907
111.3163041 31.24815907
111.3163258 31.23200945
111.3163294 31.23688378
111.3163675 31.23781653
111.3163948 31.23849483
111.316396 31.23756907
111.3164246 31.23655066
111.3164519 31.23879941
111.3164754 31.24873015
111.3165293 31.23680764
111.3165352 31.2314479
111.316547 31.23988444
111.316547 31.2401319
111.3165674 31.23660776
111.3165851 31.24045551
111.3165897 31.24970097
111.3166304 31.23121947
111.3166422 31.23971312
111.3166494 31.23212367
111.316697 31.23148597
111.3167863 31.2375881
111.3168131 31.23269474
111.3168684 31.23123851
111.3168684 31.23256149
111.316891 31.23716932
111.3169087 31.23977023
111.3169278 31.24009383
111.3169278 31.24072201
111.3169385 31.23736919
111.3169826 31.23160019
111.3169894 31.249187
111.3170147 31.23564646
111.3170242 31.23775942
111.317042 31.23582984
111.3170465 31.24815907
111.3170587 31.23219981
111.3170606 31.23280895
111.3170701 31.2332087
111.3170908 31.23419023
111.3171194 31.2371598
111.3171194 31.23757858
111.3171253 31.23249486
111.3171349 31.23177151
111.3171955 31.23580826
111.3173081 31.2326757
111.3173085 31.23628669
111.3173321 31.24867304
111.3173442 31.23125754
111.3174525 31.23577019
111.3174715 31.23475178
111.3175034 31.24518951
111.3175251 31.23183813
111.3175953 31.23531334
111.3176203 31.23175247
111.3176298 31.23135272
111.3176321 31.23632477
111.3176511 31.23662934
111.3176869 31.23205704
111.317738 31.23501828
111.3177916 31.23111478
111.3178677 31.23193331
111.3179031 31.24444712
111.3179031 31.24815907
111.3179557 31.23643898
111.3179602 31.24376183
111.3179747 31.23701005
111.3180581 31.23184765
111.3181533 31.23165729
111.3181723 31.2314479
111.3181887 31.2467885
111.3182222 31.23514455
111.3182793 31.2395418
111.3183246 31.23189524
111.3183377 31.23557032
111.3183436 31.23100056
111.31836 31.24735958
111.3183935 31.23727655
111.3184125 31.23653416
111.3185054 31.23119092
111.3185054 31.23157163
111.3185185 31.23558935
111.3185756 31.23550369
111.3186215 31.23313256
111.318641 31.2395418
111.31866 31.23978926
111.31866 31.24009383
111.3186613 31.23563694
111.318679 31.2403413
111.3187742 31.24053165
111.3187919 31.23577303
111.3188504 31.23942758
111.3188504 31.23942758
111.3189075 31.23750498
111.3189265 31.23807605
111.3189882 31.24450422
111.3190217 31.23977023
111.3190217 31.2400748
111.3192311 31.23792376
111.3192737 31.24359051
111.3194115 31.23313256
111.3196499 31.23739076
111.319707 31.24003672
111.3197305 31.24284812
111.3197641 31.2380475
111.3197641 31.238314
111.3198021 31.23718137
111.3199068 31.23800942
111.3199164 31.23775244
111.3199544 31.23737173
111.3199735 31.23919915
111.320024 31.17377826
111.3200663 31.23127658
111.3200686 31.23819026
111.3200877 31.23857098
111.3200877 31.23937048
111.3201448 31.2371433
111.3201733 31.23771437
111.3201829 31.24083622
111.3202209 31.23883748
111.3202209 31.23883748
111.3202301 31.23353231
111.320278 31.24005576
111.320278 31.24056972
111.3203161 31.23788569
111.3204113 31.23973215
111.3204303 31.23584887
111.3204494 31.24083622
111.3204874 31.24022708
111.320516 31.23930385
111.3205255 31.24067442
111.3205445 31.23780955
111.3205445 31.23822833
111.3205534 31.17268214
111.3205636 31.23950373
111.3205636 31.23969408
111.3205921 31.24002721
111.3205921 31.24002721
111.3206397 31.23865664
111.3206588 31.24019853
111.3206778 31.24062683
111.3206778 31.24089333
111.3206962 31.17328176
111.3207539 31.23779051
111.3207539 31.23779051
111.320811 31.23918964
111.3208491 31.23908494
111.3208586 31.23879941
111.3208868 31.23431277
111.3210204 31.23912301
111.3210391 31.23406531
111.3210775 31.23963698
111.3211343 31.23344665
111.3211346 31.23940855
111.3211533 31.23305642
111.3211818 31.23472204
111.3212489 31.23697198
111.321258 31.23371315
111.3213151 31.23339906
111.3213532 31.23272448
111.3213829 31.23455667
111.3213893 31.2307531
111.3214179 31.23087683
111.3214202 31.23683873
111.3214655 31.23102912
111.32149 31.23358704
111.3214959 31.2337536
111.3215376 31.23549655
111.3215416 31.23115285
111.3215511 31.23160019
111.3215534 31.23725751
111.3215534 31.23763823
111.3215673 31.23341453
111.3215725 31.23879941
111.3216273 31.23177151
111.3216446 31.23379524
111.3216486 31.23678162
111.3216922 31.23366437
111.3217057 31.23655319
111.3217279 31.23408078
111.3218112 31.23293269
111.3218557 31.23130513
111.3218652 31.23180958
111.3218747 31.23160019
111.3218766 31.23315279
111.3218945 31.23272448
111.3219064 31.23429493
111.3219302 31.23443769
111.322067 31.23342642
111.3220746 31.23178103
111.32218 31.23381903
111.3222038 31.23402129
111.3222364 31.23196187
111.3222752 31.23431872
111.322284 31.23177151
111.3223506 31.2300583
111.3224363 31.23001071
111.3224894 31.23393801
111.3225124 31.23012492
111.3225369 31.23488979
111.3225488 31.2335454
111.3225695 31.23022962
111.3225981 31.23044853
111.3225981 31.23044853
111.3226266 31.23156212
111.3226362 31.2305913
111.3226362 31.2305913
111.3226362 31.23076262
111.3226362 31.23092442
111.3226552 31.23143838
111.3226647 31.23106719
111.3226742 31.23125754
111.3227123 31.23167633
111.3228836 31.23101008
111.3228879 31.23324796
111.3228931 31.23169537
111.3229177 31.2330695
111.3229503 31.23117188
111.3230454 31.23167633
111.3230835 31.23206656
111.3232834 31.23164778
111.3232929 31.23122899
111.3234642 31.23090538
111.3235118 31.23120996
111.3240222 31.16938785
111.3240436 31.16878108
111.3241364 31.16853838
111.3244219 31.16825284
111.3245647 31.16858121
111.324893 31.16833137
111.3249073 31.16858835
111.3249287 31.16888102
111.324993 31.16873825
111.3250144 31.16821715
111.3250429 31.16783168
111.3256212 31.16806725
111.3256354 31.1688025
111.3256763 31.16973405
111.3256783 31.16766036
111.325712 31.1697055
111.3261565 31.1743633
111.3262422 31.17673324
111.3264706 31.16864545
111.3266348 31.16865973
111.3268061 31.16740338
111.3268275 31.16797445
111.3269983 31.27141953
111.3271059 31.16743193
111.3271178 31.16531183
111.3271749 31.16541891
111.3271987 31.16835992
111.3272654 31.16301327
111.3272749 31.16527614
111.3273481 31.27138384
111.3274266 31.27132673
111.3274367 31.16332736
111.3274766 31.27142667
111.3275699 31.16308941
111.3276265 31.27146236
111.3277888 31.16306086
111.327865 31.16336543
111.3282743 31.16374614
111.3283266 31.16723205
111.328379 31.16381277
111.3284141 31.27187638
111.3286193 31.16755328
111.3288548 31.16760325
111.3289262 31.16749617
111.3299536 31.27212861
111.3299631 31.27252836
111.3299726 31.272338
111.33042 31.27225234
111.3305532 31.27215716
111.3306294 31.273404
111.3307816 31.27348966
111.3308483 31.272338
111.3312195 31.27316605
111.3315145 31.2727092
111.3336656 31.27195729
111.336159 31.16436327
111.3361828 31.16399445
111.3361887 31.16448224
111.336266 31.1662252
111.3362898 31.16396471
111.3363196 31.16361374
111.3363493 31.16341743
111.3364861 31.16446439
111.3366111 31.16389332
111.3366884 31.16391117
111.3367776 31.16412532
111.3368074 31.1662252
111.3371405 31.16377435
111.3372119 31.16458932
111.3373189 31.16494624
111.3373368 31.16372676
111.337432 31.16373866
111.3376818 31.16505331
111.3377948 31.16533885
111.3378186 31.16503546
111.3379673 31.1646607
111.3379792 31.16560654
111.3379971 31.16545782
111.3384789 31.16348882
111.3386158 31.16347692
111.3388894 31.16325087
111.3390203 31.16427999
111.3391214 31.16324492
111.3400315 31.16482131
111.3401148 31.16515444
111.3403111 31.16328656
111.3406621 31.16495218
111.3408724 31.16348439
111.3409238 31.16372676
111.3410131 31.16369702
111.3415434 31.16222804
111.3417091 31.16392307
111.341828 31.16392307
111.3418637 31.16322113
111.341886 31.16217093
111.341886 31.16217093
111.341886 31.16217093
111.3420065 31.16344123
111.3421002 31.1619425
111.3421002 31.16222804
111.3422266 31.16471424
111.342257 31.17361455
111.3422572 31.16091458
111.3422715 31.16277056
111.3422801 31.16451793
111.3425142 31.16064332
111.342557 31.16259924
111.3425716 31.16507711
111.342657 31.16061476
111.3427141 31.16299898
111.3427569 31.16131433
111.3427855 31.16159986
111.3428221 31.17328738
111.3428854 31.16364144
111.3428854 31.16364144
111.3428854 31.16364144
111.3428854 31.16364144
111.342914 31.16322741
111.3431281 31.16031495
111.3431308 31.16402419
111.3431367 31.16499382
111.3432852 31.16045772
111.3433137 31.16060049
111.3433872 31.17290072
111.3434279 31.16001514
111.3434279 31.16396981
111.343458 31.16460121
111.343458 31.16513659
111.3434936 31.16442275
111.3435115 31.16483321
111.3436135 31.15998659
111.3436564 31.1629276
111.3436706 31.1626849
111.343742 31.15982954
111.3438562 31.16221376
111.3438562 31.16221376
111.3438631 31.17242482
111.3438631 31.17284123
111.3439133 31.1596725
111.3439457 31.16474993
111.3439562 31.16258496
111.3439704 31.16242791
111.3439833 31.17489875
111.3439847 31.16058621
111.3439847 31.16058621
111.343999 31.15950118
111.3441832 31.17486068
111.3442131 31.15971533
111.3442131 31.15971533
111.3442313 31.16477967
111.3442417 31.16454088
111.3442845 31.1605291
111.3442988 31.16080036
111.3442988 31.16368427
111.3442988 31.16394125
111.3442988 31.16522616
111.3443093 31.17260328
111.344413 31.16406974
111.344413 31.16468364
111.3444692 31.16472019
111.3445272 31.16435528
111.3445287 31.1651128
111.3445448 31.17488923
111.3445448 31.17510814
111.3445455 31.15932232
111.3445843 31.16454088
111.3445843 31.16454088
111.3445931 31.15969114
111.3446179 31.16179345
111.34467 31.15955828
111.34467 31.16492635
111.3446959 31.17200842
111.3446959 31.17200842
111.3446971 31.17522236
111.3446971 31.17522236
111.344731 31.1619957
111.3447542 31.17645016
111.3447985 31.1647122
111.3448191 31.15929853
111.3448191 31.15929853
111.3448191 31.15929853
111.3448209 31.17569825
111.3448209 31.17569825
111.3448413 31.16197106
111.3448875 31.17628835
111.3448984 31.15903004
111.3449698 31.16438383
111.3449857 31.15950078
111.3450398 31.17581246
111.3450403 31.16316759
111.3450683 31.17616462
111.345069 31.15804931
111.3450928 31.15935801
111.3451047 31.15902489
111.3451635 31.17478453
111.3451718 31.17272226
111.3451921 31.17560307
111.3452125 31.16195678
111.3452301 31.17506055
111.3452301 31.17592668
111.3452301 31.1761551
111.3452396 31.17603137
111.3452611 31.17239508
111.3452723 31.16288205
111.3452777 31.17441334
111.3452831 31.15776377
111.3452831 31.15800172
111.345295 31.15903679
111.345295 31.15903679
111.3453253 31.17589812
111.3453307 31.15927473
111.3453539 31.17504152
111.3454098 31.1716515
111.3454586 31.1759933
111.3454616 31.15953647
111.3454735 31.15975062
111.3454973 31.15806121
111.3455211 31.15850141
111.345533 31.15782326
111.3455449 31.15834674
111.3455924 31.15966734
111.3456281 31.15910817
111.3456394 31.17523187
111.34564 31.16020272
111.3456477 31.17293046
111.3456876 31.1593937
111.3457233 31.15833484
111.345759 31.15725219
111.3457709 31.15783516
111.3457828 31.1580969
111.3458066 31.16004806
111.3458693 31.16044344
111.3459154 31.17174073
111.3459154 31.17174073
111.3459851 31.15890592
111.3460207 31.15776377
111.3460207 31.1580731
111.34607 31.15694905
111.3460834 31.16192823
111.3462426 31.17307917
111.3463301 31.15714511
111.3463616 31.17129458
111.3464609 31.15728788
111.3464847 31.15834674
111.3466275 31.16102364
111.3466864 31.17576487
111.3466989 31.15710942
111.3467149 31.17587909
111.3467482 31.17126484
111.3467482 31.17298995
111.3467703 31.15749014
111.3467919 31.14654299
111.3467941 31.16040498
111.3468298 31.15768049
111.3468298 31.15879884
111.3468892 31.15862038
111.3468892 31.16083328
111.3468892 31.16083328
111.3468903 31.16260247
111.3468969 31.1709674
111.3468972 31.16264207
111.3469368 31.16050015
111.3470201 31.15706183
111.3470257 31.1624993
111.347032 31.16026221
111.3471646 31.17066997
111.3471646 31.17066997
111.3471748 31.15857279
111.3471867 31.16015513
111.3472003 31.17536512
111.3472384 31.17464177
111.3472462 31.15683578
111.3472462 31.15752583
111.3472581 31.16089277
111.3472628 31.16040755
111.3473057 31.15992908
111.3473295 31.1607619
111.3473413 31.15700235
111.3473826 31.1624993
111.3474127 31.15837054
111.3474127 31.16058344
111.3474436 31.16425619
111.3474722 31.16005995
111.3474841 31.15798982
111.3474841 31.15798982
111.3474859 31.17395648
111.3475149 31.16457147
111.3475513 31.170551
111.3475793 31.1567763
111.3475793 31.15827536
111.3476031 31.15695476
111.3476031 31.16032169
111.3476253 31.16182829
111.3476269 31.15798982
111.3476507 31.15662163
111.3476667 31.17413732
111.3476667 31.17610751
111.3476953 31.17630739
111.3476953 31.17630739
111.3477102 31.16051205
111.3477221 31.15725219
111.3477333 31.17373757
111.3477904 31.17384227
111.3477934 31.15669302
111.3478053 31.16034549
111.3478291 31.1580731
111.3478394 31.16179974
111.347841 31.16055964
111.3478767 31.15638369
111.3479124 31.15787085
111.3479243 31.15773998
111.3480361 31.16058601
111.3481266 31.15641938
111.3482455 31.15664543
111.3482693 31.15927473
111.3482931 31.15903679
111.3482931 31.15903679
111.3483249 31.16182829
111.3483526 31.15812069
111.3484002 31.1563242
111.348424 31.15753773
111.3484376 31.17334734
111.3485311 31.15981011
111.3485899 31.17592668
111.3486025 31.15714511
111.3486025 31.15959596
111.348609 31.17576487
111.3486382 31.1589535
111.3486619 31.15907248
111.3486738 31.15738306
111.3487137 31.17314747
111.3487333 31.15644317
111.348769 31.1611664
111.3487809 31.1598458
111.3487898 31.17568873
111.3488088 31.17320457
111.3488166 31.15695476
111.3488166 31.15695476
111.3488184 31.1758886
111.3488374 31.17354721
111.3488374 31.17354721
111.3488374 31.17621221
111.3488404 31.16102364
111.3488523 31.16080948
111.3488642 31.15923904
111.3488642 31.15923904
111.3489611 31.17366143
111.3489992 31.17384227
111.3490373 31.17531753
111.3490427 31.16091656
111.3490474 31.16112139
111.3490849 31.17543175
111.3491134 31.17347107
111.3491664 31.16189472
111.3491735 31.1616066
111.3491854 31.15681199
111.3491973 31.16139245
111.3492092 31.15910817
111.3492568 31.15981011
111.3492687 31.15657404
111.3493133 31.17351866
111.3493163 31.15882263
111.3493228 31.17539368
111.3493704 31.17337589
111.3493758 31.1594294
111.3493877 31.15845382
111.3494115 31.16158281
111.3494353 31.16135676
111.3494747 31.1445954
111.3494948 31.15960786
111.3495227 31.17417539
111.3495423 31.1616304
111.3495542 31.15934612
111.3495542 31.16113071
111.3495661 31.15670491
111.3496375 31.16086897
111.3496732 31.15846572
111.349697 31.15822777
111.349697 31.16155901
111.3497321 31.1751938
111.3497817 31.14457398
111.3498398 31.15932232
111.3498463 31.1756221
111.3498755 31.15823967
111.3499112 31.16077379
111.3499112 31.16167799
111.349935 31.16302635
111.3499992 31.16100242
111.3499992 31.16100242
111.3499992 31.16100242
111.3500539 31.16021462
111.35007 31.17284956
111.3501253 31.16077379
111.3501848 31.15823967
111.3501848 31.16038118
111.3501967 31.16142814
111.3501967 31.1616066
111.3502175 31.17536512
111.350227 31.17546982
111.3502984 31.17244981
111.3502984 31.17244981
111.3502984 31.17263541
111.3503127 31.17342063
111.3503412 31.17302088
111.3503793 31.17405166
111.3504078 31.175565
111.3505556 31.17100587
111.3505556 31.17174826
111.3505601 31.1752985
111.3505655 31.16142814
111.3505655 31.16364501
111.3505774 31.15757342
111.3506726 31.16305014
111.3506726 31.16305014
111.3506743 31.17404214
111.3506934 31.17539368
111.3507797 31.15727598
111.350784 31.17033486
111.3508411 31.17092021
111.3508511 31.15696665
111.3508748 31.15751393
111.3509819 31.15873935
111.3509938 31.1632405
111.3509938 31.1632405
111.3510057 31.16026221
111.3510295 31.15670491
111.3510771 31.15839433
111.3510771 31.1611664
111.3511128 31.15779947
111.3511723 31.15729978
111.3511889 31.16248958
111.3511961 31.15672871
111.3512318 31.15845382
111.3512406 31.1731922
111.3512675 31.16372829
111.3512835 31.17292094
111.3512835 31.17351866
111.3512913 31.16136866
111.351315 31.15740685
111.3513307 31.27796478
111.3513406 31.17219283
111.3513412 31.16524163
111.3513983 31.158549
111.3513983 31.16479905
111.3514221 31.16338327
111.3514496 31.27719146
111.3514697 31.16502748
111.3514816 31.15690717
111.3514935 31.16287168
111.3515173 31.15747824
111.3515173 31.16268133
111.3515292 31.15857279
111.3515411 31.15702614
111.3515411 31.16438264
111.3515982 31.16527018
111.3516125 31.16475622
111.3516601 31.16321671
111.3516601 31.16345465
111.3516832 31.17509862
111.3516839 31.15751393
111.3516839 31.15751393
111.3517315 31.16264563
111.3517671 31.15864417
111.3517909 31.15702614
111.3518266 31.16472766
111.3518409 31.16527018
111.3518742 31.16101174
111.351898 31.16592691
111.3519337 31.1567644
111.3519813 31.1607262
111.352017 31.16302635
111.3520289 31.15869176
111.3520765 31.16351414
111.3520979 31.1652559
111.3521003 31.16271702
111.3521264 31.16478477
111.3521264 31.16478477
111.3521693 31.16412804
111.3521693 31.16412804
111.3521717 31.1567644
111.3522073 31.16310963
111.3522192 31.16327619
111.3522192 31.16346655
111.352223 31.27338432
111.3522438 31.17588289
111.3522629 31.17552122
111.3522835 31.16548433
111.3522906 31.16092846
111.3523549 31.164642
111.352362 31.16270512
111.3523685 31.17229276
111.3523691 31.16395672
111.3523739 31.16329999
111.3523834 31.16522735
111.3524215 31.16314532
111.3524263 31.16375684
111.3524685 31.17139333
111.3524691 31.16103553
111.3525119 31.16511314
111.3525256 31.17215
111.3525405 31.15964355
111.3526166 31.16225164
111.3526255 31.17120773
111.3526436 31.17613036
111.3526594 31.16035739
111.3527118 31.15791606
111.3527397 31.17213572
111.3527397 31.17213572
111.3527397 31.17213572
111.3527397 31.17213572
111.3527665 31.16297876
111.3527665 31.16297876
111.3527683 31.17175025
111.3527683 31.17175025
111.3528022 31.1598458
111.3528254 31.17110779
111.352872 31.17550218
111.3529093 31.16262184
111.3529117 31.15810642
111.3529331 31.16244338
111.352945 31.16284789
111.3529824 31.17227849
111.3530045 31.15972683
111.3530624 31.17549266
111.3530758 31.16272892
111.3530814 31.17607325
111.3531115 31.15865845
111.3532051 31.17533086
111.3532162 31.15861086
111.3532342 31.27421713
111.3532342 31.27421713
111.3532537 31.17137905
111.3532537 31.17205006
111.3532781 31.16205077
111.3533138 31.16055964
111.3533193 31.17590193
111.3533193 31.17606373
111.3533193 31.17606373
111.353424 31.1755117
111.353425 31.17195012
111.3534804 31.1623601
111.3535113 31.16483236
111.3535192 31.17599711
111.3535208 31.16407093
111.3535303 31.15854424
111.3535636 31.16247907
111.3535874 31.15975062
111.3536255 31.16370925
111.3536445 31.16412804
111.3536541 31.16402334
111.3536541 31.16493706
111.3536826 31.16445165
111.3537397 31.15866797
111.3537492 31.16514645
111.353754 31.15994098
111.3537857 31.17550218
111.3538635 31.16535584
111.3538635 31.16535584
111.3538819 31.17269251
111.353892 31.16456586
111.3539301 31.1655462
111.3539396 31.15860134
111.3539491 31.15841099
111.3539491 31.15878218
111.3539777 31.16568897
111.3539856 31.17582579
111.3539967 31.16415659
111.3540062 31.16400431
111.3540062 31.16468959
111.3540157 31.16353793
111.3540246 31.17287811
111.3540253 31.16433743
111.3540442 31.16076447
111.3540919 31.16377588
111.3541037 31.15945577
111.3541037 31.15945577
111.3541109 31.15972683
111.3541395 31.16366166
111.3541632 31.16546391
111.3541632 31.16546391
111.3541855 31.17561639
111.3541966 31.16574607
111.3542061 31.15998857
111.3542102 31.17242125
111.3542822 31.15855376
111.3542822 31.16177574
111.3542822 31.16177574
111.3543584 31.16592691
111.3544321 31.15996478
111.3544345 31.15864893
111.3544815 31.17229276
111.3545107 31.16606968
111.3545292 31.25862949
111.3545868 31.16647895
111.3545963 31.1655462
111.3546391 31.15808758
111.3546392 31.16314294
111.3546963 31.16368546
111.3547242 31.1723927
111.3547391 31.16328571
111.3547956 31.17263541
111.3548152 31.15746872
111.3548176 31.15880142
111.3548268 31.25886993
111.3548533 31.16649798
111.3548955 31.17236415
111.3549104 31.16617438
111.3549247 31.16235772
111.354977 31.16471815
111.3550357 31.2596826
111.355041 31.25861295
111.3550532 31.15918193
111.3551008 31.15880122
111.3551103 31.16230061
111.3551309 31.25940896
111.3551388 31.16274319
111.3551745 31.15945577
111.3551864 31.15885833
111.3552055 31.15902013
111.3552082 31.26049756
111.3552626 31.15765908
111.3552721 31.16457538
111.3553768 31.15871556
111.3553815 31.16291451
111.3554521 31.25945655
111.3554815 31.15857279
111.3554951 31.17190729
111.3555386 31.16550813
111.3555529 31.16345703
111.3556243 31.16325716
111.3556379 31.17193584
111.3556623 31.15923904
111.3556718 31.1590582
111.3556909 31.16449924
111.3556909 31.16566041
111.3557385 31.16550813
111.3558378 31.17156465
111.3559333 31.2586415
111.3559859 31.16563186
111.3560376 31.17157892
111.356043 31.16434695
111.356043 31.1655462
111.3560549 31.15714345
111.3560668 31.16320005
111.3561477 31.16558427
111.3561858 31.16577463
111.3562045 31.25894132
111.3562334 31.16447068
111.3562461 31.15711623
111.3562905 31.15771618
111.3563095 31.16630763
111.3563394 31.2112328
111.3563394 31.21370744
111.3563394 31.21370744
111.3563476 31.16646943
111.3563666 31.16481332
111.3563762 31.16539391
111.3563952 31.15730692
111.356438 31.16302873
111.3564523 31.16507031
111.3564561 31.1332882
111.3565499 31.16689535
111.3565499 31.16863236
111.3565522 31.16285741
111.3565665 31.16558427
111.3565951 31.15778281
111.3566427 31.15892495
111.3566807 31.16499416
111.3567045 31.16793042
111.3567378 31.16542247
111.3567773 31.133381
111.3567806 31.16058601
111.3567949 31.16531777
111.3568092 31.16277175
111.3568116 31.16863236
111.3568235 31.15915338
111.3568616 31.16519404
111.3568711 31.16766868
111.3569948 31.16492754
111.3569948 31.16492754
111.3570043 31.16522259
111.3570519 31.15769715
111.357071 31.16503223
111.3570805 31.16262898
111.3571923 31.16685966
111.3572056 31.1332882
111.3573127 31.13330248
111.3573232 31.16662171
111.3573279 31.15778281
111.3573589 31.16650274
111.3573864 31.25710881
111.3574541 31.16627669
111.357499 31.15769912
111.357573 31.16612203
111.3577158 31.16627669
111.3578229 31.16672879
111.3579418 31.16538439
111.3579418 31.16555096
111.3579418 31.1657889
111.3579894 31.16609823
111.3582036 31.16552716
111.3584296 31.16651464
111.3585285 31.21151833
111.3586455 31.22825001
111.3586795 31.16644325
111.3587189 31.25663291
111.3588817 31.16562234
111.3589092 31.25929791
111.3589092 31.25929791
111.3589293 31.16637187
111.3589293 31.16637187
111.3589531 31.16658602
111.3589888 31.16571752
111.3591078 31.16612203
111.3591115 31.13467305
111.3591554 31.16635997
111.3591554 31.16635997
111.3591792 31.1666931
111.359203 31.1657889
111.35929 31.2575847
111.3594647 31.16595547
111.3596194 31.16614582
111.3596789 31.16564614
111.3596789 31.16564614
111.360012 31.16640756
111.3600715 31.16555096
111.3600966 31.13517273
111.3601072 31.16569372
111.360131 31.16619341
111.3601904 31.16634808
111.3603533 31.14658723
111.3603808 31.16595547
111.3603808 31.1662291
111.3605355 31.16556285
111.3605355 31.16583649
111.3606225 31.25739434
111.3606544 31.16601495
111.3606745 31.14731693
111.3606901 31.16522973
111.3607615 31.1657889
111.3607972 31.16540819
111.3608686 31.16514645
111.3609298 31.22896384
111.3610589 31.16566993
111.3611779 31.1653606
111.3611921 31.14715631
111.3612218 31.14692432
111.3612218 31.1469838
111.3612493 31.16558665
111.3613527 31.14704924
111.3613646 31.14729313
111.3614397 31.16484902
111.3614397 31.16547957
111.3615014 31.14691837
111.3615348 31.16503937
111.3615668 31.14691837
111.3615742 31.21970368
111.3615943 31.16481332
111.3617847 31.16494419
111.3618935 31.26853224
111.3620464 31.16457538
111.362094 31.16524163
111.3621059 31.16494419
111.362179 31.26924608
111.363227 31.25653544
111.3632875 31.21941814
111.3633568 31.23039152
111.3633926 31.26746149
111.3636411 31.25703513
111.3637633 31.23959597
111.3637633 31.23959597
111.3638585 31.21789529
111.3638585 31.21789529
111.3640408 31.25700658
111.3644633 31.26681903
111.364824 31.14763457
111.3650007 31.23912008
111.3650958 31.24064294
111.365635 31.25639458
111.3656684 31.25876262
111.3657112 31.25654687
111.3659444 31.25810779
111.3660338 31.26824671
111.3660633 31.2565659
111.3661051 31.26910332
111.3661633 31.25831718
111.3662775 31.25841236
111.3665726 31.13428642
111.3665964 31.13437208
111.3666202 31.13413889
111.3668091 31.21589654
111.366819 31.26788979
111.3670688 31.23167643
111.3671559 31.14833889
111.3672721 31.2570989
111.3672849 31.21684833
111.3673272 31.1492526
111.3673463 31.14844358
111.3673463 31.14939537
111.3673748 31.14896706
111.3673816 31.25866268
111.3674971 31.22882108
111.3674971 31.22882108
111.3675101 31.25685144
111.3675747 31.14844358
111.3675824 31.15541069
111.3675842 31.14964283
111.3675937 31.1493573
111.3676094 31.14982676
111.36771 31.13469093
111.3678126 31.1484531
111.3678194 31.2586979
111.3679866 31.14883453
111.3680682 31.22710786
111.3680682 31.22710786
111.3681097 31.25874834
111.3681906 31.25908337
111.3682685 31.14888093
111.3682885 31.1486149
111.3682935 31.14914148
111.3683571 31.25690854
111.3684077 31.14864179
111.3684184 31.14954123
111.3684898 31.14923428
111.3685645 31.14860539
111.3686026 31.14995692
111.3686333 31.13526676
111.3686407 31.14976656
111.3686427 31.25673722
111.3686498 31.25267072
111.3687331 31.25884067
111.3687463 31.26589104
111.3687463 31.26589104
111.3687807 31.25897677
111.3687855 31.13452437
111.3688078 31.21903743
111.3689039 31.14928068
111.3689062 31.14948769
111.3689248 31.23338964
111.368961 31.14904154
111.3689824 31.14946984
111.3690609 31.14888093
111.36909 31.2531942
111.3691071 31.14877671
111.369171 31.14727828
111.3692329 31.1472878
111.3692614 31.14774465
111.3692995 31.14783031
111.369309 31.13476707
111.369367 31.15731425
111.36938 31.25269452
111.3695109 31.25302169
111.3696228 31.16621934
111.3699242 31.23453178
111.3699753 31.14773513
111.3699948 31.14919026
111.3700204 31.25687285
111.3700669 31.22953491
111.3700669 31.22953491
111.3700752 31.14747815
111.3701275 31.2566468
111.3701388 31.15009088
111.3701513 31.25615901
111.3701632 31.25701562
111.3702037 31.14759713
111.370228 31.14956264
111.3702465 31.13706563
111.3702744 31.14934492
111.3703188 31.15505377
111.3703845 31.14782555
111.3703988 31.14794929
111.3704464 31.14741153
111.3704892 31.14730683
111.3705654 31.13700377
111.3705701 31.14795405
111.3706272 31.25605194
111.3706415 31.14754478
111.3707082 31.13723695
111.3707082 31.14772086
111.3712554 31.13884071
111.3713518 31.23110536
111.3714074 31.16955059
111.3714981 31.13526676
111.3715004 31.25585444
111.37156 31.13538573
111.3716219 31.1354476
111.3716457 31.13952599
111.3718811 31.25644455
111.3719478 31.25655876
111.371955 31.13749869
111.3720359 31.13751297
111.3720502 31.1373131
111.3725736 31.13868842
111.3726367 31.2326758
111.3726688 31.13869794
111.3728877 31.13529055
111.3730305 31.1351573
111.3731352 31.13517158
111.3741607 31.25612332
111.3742106 31.25631606
111.3747808 31.23245661
111.3751967 31.16802183
111.3752063 31.13916099
111.3754385 31.13539049
111.375448 31.13554754
111.3755775 31.13927044
111.375606 31.13836625
111.3756917 31.138371
111.3759239 31.14032549
111.3760096 31.13527152
111.3760229 31.23189981
111.3760715 31.13530007
111.3761143 31.14041115
111.3762132 31.23486462
111.3762751 31.25203303
111.376356 31.23479086
111.3764284 31.13504785
111.3764797 31.23427452
111.3765226 31.2516428
111.3765664 31.13504785
111.3765721 31.14115021
111.3765939 31.23501691
111.3766243 31.16005063
111.3766901 31.1404635
111.3766996 31.13514779
111.3767139 31.13485749
111.3767234 31.13508116
111.3768148 31.14063149
111.3768271 31.25369865
111.3768719 31.14099317
111.3769147 31.14065053
111.3769509 31.23470758
111.3769766 31.1411169
111.3769947 31.13480514
111.3771279 31.13470045
111.3771793 31.25204255
111.3772078 31.25343215
111.3772326 31.13484797
111.3773887 31.25344167
111.3776362 31.2522329
111.3776409 31.23168566
111.3777218 31.25404129
111.3777932 31.23169994
111.3778427 31.14193544
111.3779264 31.23263745
111.3780216 31.23145723
111.378074 31.25345119
111.3781406 31.25263265
111.3781739 31.23278973
111.3783186 31.14196875
111.3784642 31.25348926
111.3784856 31.23565936
111.378676 31.23574264
111.3786998 31.23590921
111.3789944 31.14235898
111.3795135 31.24138613
111.379563 31.2125653
111.3795635 31.2352263
111.3797273 31.14297764
111.379805 31.24125764
111.3798871 31.23572123
111.3800271 31.14301095
111.3802463 31.17624479
111.3805556 31.17593546
111.3806099 31.2120894
111.3808828 31.17570941
111.3813925 31.15043353
111.3816899 31.1505406
111.3817618 31.14182438
111.3817791 31.1501004
111.3820746 31.14945379
111.3823032 31.1421694
111.3823702 31.19121402
111.3825701 31.19149004
111.3828829 31.25806258
111.3829127 31.19147101
111.3830079 31.19129017
111.383065 31.19178509
111.383093 31.14933053
111.383216 31.25822914
111.3832239 31.14921156
111.3833231 31.25838381
111.3834658 31.25692044
111.3835551 31.24224749
111.3837884 31.19268929
111.3839655 31.25719408
111.3840119 31.24000128
111.3840168 31.1924799
111.3840401 31.14888082
111.384131 31.19109981
111.3843343 31.25737254
111.38437 31.25922852
111.3843819 31.25940698
111.3847592 31.19118547
111.3847983 31.25838381
111.3848102 31.25768187
111.3848491 31.14908069
111.3851196 31.25771756
111.3852742 31.25816966
111.3853099 31.2597401
111.3856371 31.24589045
111.3856496 31.19739497
111.3859256 31.19827061
111.385996 31.15049647
111.3860233 31.14850275
111.3862207 31.19819447
111.3862946 31.14824577
111.3863063 31.19693812
111.3863539 31.19675728
111.3864491 31.19733786
111.3864516 31.1483457
111.3866365 31.24648531
111.3866595 31.2018755
111.386723 31.20182315
111.3867673 31.24666377
111.3867693 31.1508177
111.3868268 31.2474133
111.3868488 31.19739497
111.3868499 31.20252271
111.386888 31.20092371
111.3868982 31.24628306
111.386922 31.24596183
111.3869458 31.24673516
111.3870172 31.24708018
111.3870531 31.2763235
111.387148 31.2478654
111.3871956 31.24702069
111.3872054 31.27516708
111.3873101 31.27600941
111.3873263 31.12147897
111.3874463 31.20239422
111.3874909 31.27637109
111.3875526 31.24678275
111.3877451 31.12119463
111.3877548 31.2474252
111.387826 31.12134096
111.38785 31.24729433
111.3879192 31.27715155
111.3879941 31.18843932
111.3880547 31.27023906
111.3880682 31.20231332
111.3880745 31.20222766
111.3881824 31.20198971
111.3885523 31.19849381
111.3885631 31.20066039
111.3885889 31.18799912
111.3886997 31.27761792
111.388745 31.1986794
111.389039 31.20039389
111.38916 31.18703544
111.389171 31.19654265
111.3892198 31.20064135
111.3894575 31.18739236
111.389516 31.19862944
111.3895643 31.28010922
111.3895764 31.1876779
111.3896776 31.17510088
111.389695 31.22979899
111.3898883 31.26849438
111.3899092 31.22941827
111.389933 31.22994175
111.3899355 31.28009018
111.3899358 31.26713808
111.3899394 31.17416099
111.3901892 31.17330439
111.3901959 31.12204171
111.3902305 31.27972851
111.3904271 31.17311403
111.3905161 31.27953815
111.3905635 31.23045334
111.3905698 31.26817051
111.3906055 31.26432768
111.3906111 31.19333945
111.390648 31.12234153
111.3908395 31.1932752
111.3908729 31.22952535
111.3909394 31.19309674
111.3909561 31.23038196
111.3910192 31.12220828
111.3910217 31.27754892
111.3910274 31.17251203
111.3910633 31.27497672
111.3911252 31.28006163
111.3911401 31.26233845
111.3911686 31.2628429
111.391206 31.2297633
111.3912109 31.27512901
111.3912489 31.27975706
111.3912829 31.26280483
111.3912965 31.2794049
111.3913286 31.12553952
111.3913489 31.28438273
111.3913809 31.12578699
111.3914012 31.28015681
111.3914512 31.17294955
111.3914536 31.27489106
111.3914771 31.17281184
111.3914845 31.28324059
111.3915559 31.28291223
111.3916198 31.17253344
111.3917534 31.27952863
111.3918092 31.12602017
111.3918439 31.19304582
111.3918866 31.27798317
111.3919015 31.26271917
111.3919396 31.26374709
111.3919554 31.17304027
111.3919628 31.28183195
111.392062 31.27828352
111.3920675 31.28390208
111.392091 31.1728975
111.3920969 31.19309122
111.3921198 31.28194616
111.3922578 31.28352137
111.3922935 31.28389018
111.3923435 31.27288422
111.3923483 31.28407816
111.3923554 31.28172725
111.3924006 31.28367603
111.392444 31.2623099
111.3924464 31.19105088
111.3924836 31.17336863
111.3924863 31.27803076
111.3925077 31.27286995
111.3925107 31.26211003
111.3925791 31.28354516
111.39261 31.27787848
111.3926558 31.19067969
111.3927285 31.16171652
111.3927432 31.28053752
111.3927694 31.28209845
111.3927694 31.28318348
111.392857 31.16294432
111.3928717 31.28254817
111.3929003 31.27788085
111.3929669 31.28234829
111.3930166 31.17540545
111.3930252 31.27772619
111.3930978 31.28271235
111.3931045 31.16462898
111.393124 31.27857328
111.3931525 31.28053752
111.393162 31.27804028
111.3932032 31.16552009
111.3932037 31.27751204
111.3932069 31.17526268
111.3932156 31.27763696
111.3932382 31.27870653
111.3932525 31.28217697
111.3932691 31.28286939
111.3934211 31.17602411
111.3934892 31.27695168
111.3934925 31.17536976
111.3935546 31.28339764
111.3936689 31.28325487
111.3937412 31.2837795
111.393809 31.21499681
111.393814 31.28216745
111.3938378 31.28078499
111.3938759 31.2804709
111.3939554 31.28509296
111.3940755 31.17541735
111.3940881 31.12777844
111.39414 31.1751029
111.3942311 31.16614827
111.3942563 31.21367383
111.3943324 31.21471127
111.394361 31.21492066
111.3944469 31.2820461
111.3945832 31.26365192
111.394593 31.17490874
111.3945978 31.28492164
111.3946287 31.17474218
111.3946559 31.16121683
111.3947039 31.28211749
111.3947301 31.27458792
111.3948158 31.27424528
111.3948403 31.16658609
111.3948709 31.16690855
111.3948796 31.28208875
111.3949119 31.28376522
111.3949557 31.161174
111.3949895 31.28196758
111.3949966 31.27485442
111.3951258 31.16639573
111.3952137 31.26174835
111.395316 31.27182655
111.3954059 31.27813094
111.3954059 31.27855924
111.3954377 31.17390936
111.3954773 31.27794534
111.3956704 31.1666373
111.3956936 31.25951964
111.3957015 31.26112969
111.3957539 31.27204546
111.3958123 31.16170224
111.3958205 31.27220727
111.3958935 31.25863449
111.3960941 31.26156989
111.3961991 31.17365952
111.3963419 31.16063157
111.3963419 31.17458751
111.3964452 31.25815729
111.3965598 31.1649663
111.396569 31.16476223
111.3966356 31.25821678
111.3969626 31.261094
111.3970578 31.26174835
111.3971419 31.26016369
111.3971781 31.16457187
111.3972543 31.16283011
111.3974245 31.1755155
111.397489 31.26037784
111.3975154 31.15689918
111.3976384 31.2725975
111.3977487 31.177659
111.3978647 31.17413541
111.3981146 31.17406403
111.3982098 31.1742068
111.3983003 31.28445527
111.3983618 31.27282593
111.3983763 31.17311224
111.3985521 31.27373964
111.3986215 31.28459803
111.3986262 31.1737309
111.3988098 31.15699436
111.3990326 31.12750242
111.3991183 31.12753573
111.3992039 31.12761187
111.3992184 31.2729687
111.399242 31.12735489
111.3997472 31.28232212
111.3997757 31.28272187
111.3997959 31.16290577
111.3999625 31.16300095
111.4001701 31.27432023
111.4002991 31.12542405
111.4004704 31.12511948
111.4006608 31.12426287
111.4009547 31.16370765
111.4009696 31.27448203
111.4010743 31.27455818
111.4011046 31.16264403
111.4014575 31.1828375
111.4016995 31.16267973
111.4017801 31.15458676
111.4018119 31.12392075
111.401913 31.13963284
111.4019267 31.12248786
111.4019682 31.18506758
111.4020229 31.24784545
111.4021743 31.24282816
111.4021884 31.21841366
111.4022111 31.16401222
111.4022954 31.21833633
111.4023408 31.24242365
111.4023847 31.21844341
111.4024025 31.21825305
111.4024155 31.25010832
111.402554 31.18501726
111.4026758 31.18382735
111.4027594 31.21829469
111.4028308 31.21762844
111.4028838 31.13798625
111.4029369 31.19029994
111.4029379 31.218259
111.4029498 31.2184791
111.4029602 31.14931636
111.4029855 31.21785449
111.4030171 31.13853829
111.4030212 31.21739049
111.4030926 31.21762844
111.4031008 31.25133612
111.4031283 31.21835418
111.4031313 31.13908081
111.4031694 31.13791011
111.4032536 31.18523141
111.4032645 31.1376912
111.4032683 31.25185104
111.4032721 31.25145034
111.4033292 31.25119336
111.4033365 31.21812218
111.4033539 31.25157978
111.4033926 31.23733085
111.403408 31.19282693
111.403419 31.24115659
111.4034223 31.19178473
111.403472 31.25137895
111.4034857 31.20647111
111.4035187 31.24079372
111.4035222 31.19335517
111.4035729 31.25154171
111.4035824 31.25138466
111.4036054 31.2331049
111.4036447 31.28090872
111.4037149 31.16344115
111.4037196 31.2334761
111.4037402 31.24084726
111.4038053 31.23296213
111.4038116 31.24093649
111.4038161 31.28076595
111.4038196 31.23254811
111.4039077 31.19099951
111.403925 31.25131328
111.4039502 31.25021302
111.4039774 31.25100871
111.4040052 31.23331905
111.4040385 31.16380283
111.4040392 31.25118479
111.4040872 31.12470069
111.4042622 31.2334761
111.4043072 31.25010594
111.4043547 31.24967764
111.4044478 31.23289075
111.4044735 31.14860252
111.4044737 31.24867827
111.404497 31.20634024
111.4045094 31.24838083
111.4045151 31.25118003
111.4045191 31.23361886
111.4045644 31.1911851
111.4046072 31.19414039
111.4046334 31.23339044
111.4046409 31.25237143
111.4046874 31.20616178
111.4047227 31.14572523
111.4047526 31.18574538
111.4047837 31.2522822
111.4048512 31.14379787
111.4048642 31.19416895
111.40493 31.24527266
111.4049443 31.25230004
111.4049663 31.24377003
111.4049669 31.20623316
111.404974 31.25221676
111.4049782 31.24397229
111.4049972 31.24684608
111.40503 31.2521515
111.405151 31.14638196
111.4052221 31.28705205
111.4052596 31.25230599
111.4052642 31.2331019
111.4054612 31.24890431
111.4054916 31.25231194
111.4055222 31.237407
111.4055576 31.28725906
111.4055724 31.24529408
111.4056438 31.24548681
111.4056933 31.2878801
111.4056991 31.24888052
111.4057723 31.24540829
111.4058383 31.235878
111.4058538 31.24889242
111.405909 31.24637554
111.4061096 31.23629917
111.4061784 31.18348471
111.4063594 31.23642052
111.4064157 31.16529647
111.4064237 31.23611357
111.4064455 31.16544519
111.4064866 31.27611277
111.4065347 31.16532026
111.4065593 31.23638483
111.406598 31.20655828
111.4066285 31.11967058
111.4066475 31.1194136
111.4067132 31.16545708
111.4067583 31.21091416
111.4068178 31.21053344
111.406855 31.20721501
111.4068559 31.16543924
111.4069118 31.23900599
111.4069917 31.24906909
111.4070226 31.24623277
111.4070226 31.24635651
111.4070451 31.1166248
111.4071487 31.24906195
111.4071487 31.24919758
111.407232 31.24697517
111.4072843 31.24920472
111.4074699 31.21088786
111.4074913 31.24921186
111.407527 31.24669915
111.4076352 31.23974839
111.4076603 31.24650879
111.4077198 31.24896202
111.4078894 31.23631107
111.4079261 31.14090347
111.4079397 31.23998633
111.4079751 31.2361683
111.4079846 31.23646335
111.407991 31.2498053
111.408106 31.28995261
111.4082919 31.14644859
111.4083458 31.13276377
111.4083527 31.25168983
111.4083622 31.25142333
111.4084727 31.24060499
111.4084823 31.24007199
111.4085526 31.25151851
111.4086542 31.13889045
111.4087075 31.13273522
111.4087239 31.24960542
111.4087987 31.19593153
111.4087987 31.19601719
111.4088437 31.29023815
111.4088969 31.13911888
111.4089482 31.12195146
111.4089809 31.24942458
111.408997 31.23725308
111.4089973 31.23476101
111.4090327 31.23697945
111.409057 31.24921519
111.4092006 31.28932206
111.4092056 31.24030042
111.4092909 31.2090393
111.4092944 31.23714601
111.4093185 31.23503464
111.4094137 31.23452306
111.4095197 31.24026235
111.4095329 31.25114731
111.4095634 31.25318413
111.4095635 31.28785274
111.4096443 31.22396785
111.409649 31.25346967
111.4096884 31.28973846
111.4097481 31.24340355
111.4097576 31.24047174
111.4097766 31.1951249
111.4098069 31.14749809
111.4098192 31.28875099
111.4098192 31.2891198
111.4098536 31.23791933
111.4098584 31.22411776
111.4098601 31.24924612
111.4098739 31.20883705
111.4098798 31.22396071
111.4099263 31.28844166
111.4099385 31.24032897
111.4099501 31.28909601
111.409994 31.22337536
111.4100096 31.28888186
111.4100183 31.25185163
111.4100302 31.20719018
111.4100725 31.12217156
111.4101121 31.19540329
111.410163 31.25308419
111.4101868 31.22388933
111.4102346 31.23438029
111.4102412 31.14627267
111.4103201 31.25218476
111.4103334 31.19548182
111.4103414 31.23810969
111.410361 31.2519944
111.4103652 31.23749103
111.4103758 31.19735287
111.4103889 31.27677902
111.4104014 31.20875111
111.4104086 31.25181356
111.4104127 31.23827625
111.4104405 31.19556748
111.4104509 31.22416772
111.4104607 31.23557002
111.4104914 31.25344111
111.4105247 31.25390313
111.4105494 31.23418703
111.4105558 31.23192945
111.4105705 31.14228971
111.4105743 31.14611205
111.4105782 31.25369492
111.4106034 31.23512982
111.4106044 31.20637668
111.4106062 31.14203986
111.4106096 31.24997781
111.4106419 31.14183761
111.4106734 31.254034
111.4106748 31.23473721
111.4106775 31.14217074
111.4106867 31.23443978
111.4106936 31.22411062
111.4106989 31.24972796
111.4107175 31.28805499
111.4107224 31.23548674
111.4107626 31.25291287
111.4108435 31.22500292
111.4109197 31.25275583
111.410972 31.22508858
111.4110551 31.27354295
111.4110551 31.27354295
111.4110719 31.22498864
111.4111219 31.22489584
111.4111609 31.12261579
111.4111612 31.25358785
111.4111647 31.2239393
111.4111866 31.2500254
111.4111909 31.12267125
111.4112088 31.21542952
111.411248 31.2525274
111.4112564 31.28921756
111.4113075 31.22385364
111.4113099 31.2540221
111.4113361 31.22398213
111.4113516 31.21555087
111.4113554 31.12347959
111.4114121 31.23715791
111.4114597 31.23834764
111.4114884 31.25560444
111.4114954 31.23690806
111.4114962 31.13356327
111.4114975 31.21835983
111.4115047 31.14691869
111.4115248 31.13310642
111.411525 31.16727737
111.4115547 31.14745645
111.4115547 31.14771819
111.4115954 31.25574721
111.4116311 31.25422435
111.4116464 31.16774137
111.4116593 31.21834079
111.4117096 31.23731257
111.4117263 31.25585428
111.411737 31.21474424
111.4117501 31.25412917
111.4117799 31.21500836
111.4117977 31.25347482
111.4118001 31.2261165
111.4118408 31.12351766
111.4118523 31.23682478
111.4118857 31.22585952
111.411888 31.23700324
111.4119442 31.14078767
111.411953 31.21025152
111.4119658 31.1533633
111.4119716 31.23631955
111.4119785 31.22618075
111.4119951 31.23791933
111.4119954 31.23539156
111.4120071 31.22590235
111.4120192 31.23508223
111.4120549 31.23559382
111.4120693 31.12347008
111.412075 31.13916726
111.4120871 31.13001026
111.4121157 31.24420066
111.412126 31.23671771
111.4121821 31.14027609
111.412183 31.14577096
111.4122869 31.1303529
111.4123331 31.1236159
111.4123404 31.23637904
111.4123523 31.23614109
111.4123655 31.24373667
111.4123688 31.2904638
111.4123963 31.14060921
111.4123971 31.14617071
111.4124164 31.25375441
111.4124232 31.14742076
111.4124398 31.21816947
111.412452 31.25414702
111.4124594 31.23529638
111.4124758 31.25387338
111.4124758 31.25405779
111.4124765 31.21021582
111.4124845 31.24385564
111.4125445 31.21806477
111.4125473 31.2904638
111.4125651 31.29072852
111.412571 31.2531179
111.4126102 31.19348465
111.4126104 31.14014522
111.4126127 31.2535581
111.4126197 31.18779834
111.4126305 31.25398046
111.4126306 31.29057088
111.4126439 31.13104533
111.4126639 31.12592159
111.4126907 31.20802375
111.4127138 31.25327257
111.4127145 31.21002547
111.4127317 31.29079395
111.4127449 31.23396389
111.4127472 31.12330181
111.4127733 31.25390313
111.4127971 31.25289185
111.4128295 31.24498589
111.4128447 31.25378415
111.4128479 31.19985606
111.4128497 31.12256588
111.4129068 31.12235649
111.4129762 31.20797378
111.4129775 31.133613
111.4129945 31.23699134
111.4129993 31.2540221
111.4130258 31.21416936
111.4130469 31.2535938
111.4131208 31.19708319
111.4131223 31.11456371
111.4131851 31.23621248
111.4131886 31.13853908
111.4131983 31.24428395
111.4132327 31.23596263
111.4132762 31.20021298
111.4132923 31.22123874
111.4133292 31.24452189
111.4133412 31.11463986
111.4133517 31.23603402
111.4133682 31.29085344
111.4134267 31.19607192
111.4134529 31.13156881
111.4134945 31.23577228
111.4135384 31.13949087
111.4135659 31.23592694
111.4135909 31.24634218
111.4136479 31.13496394
111.4136835 31.29137692
111.4136983 31.28173439
111.4137248 31.14671323
111.4137502 31.13884365
111.4137729 31.18922919
111.4138051 31.24460517
111.413812 31.13516382
111.4138237 31.19391296
111.4138324 31.21339127
111.4138374 31.1867858
111.4138752 31.21330561
111.4138871 31.22104838
111.4139268 31.28246251
111.4139573 31.12975328
111.4140376 31.19997503
111.4140381 31.13939569
111.4140738 31.13872944
111.4140775 31.18999061
111.4140844 31.17579533
111.4140906 31.24528332
111.4140917 31.23463489
111.4141124 31.28183433
111.4142118 31.12410777
111.4143678 31.21317712
111.4143792 31.14258605
111.4144136 31.12561873
111.4144515 31.20891604
111.4144672 31.14665612
111.4144967 31.20803802
111.4144973 31.12425054
111.4145174 31.25922836
111.4146105 31.21329134
111.4146263 31.28103483
111.4146528 31.14132444
111.4146549 31.2819771
111.4146711 31.11305568
111.4146888 31.24124364
111.414694 31.18714272
111.4147083 31.18787083
111.4147091 31.11348398
111.4147132 31.2095466
111.4147173 31.25861446
111.4147467 31.12579124
111.4148939 31.18788511
111.4148976 31.28127754
111.4149029 31.25885716
111.4149283 31.11692937
111.4149393 31.20964178
111.4149938 31.18774234
111.4150015 31.19562617
111.4150458 31.24151728
111.4150544 31.11342157
111.4150799 31.11339398
111.4150933 31.24271891
111.4151089 31.11307472
111.4151117 31.28014967
111.4151177 31.20927296
111.4151205 31.19528115
111.4151245 31.19039036
111.4151546 31.28199137
111.4152315 31.23585556
111.4152659 31.11320797
111.415297 31.13199711
111.4153504 31.23580797
111.4153687 31.28260527
111.4153789 31.24242147
111.4153905 31.14162237
111.4154027 31.24130313
111.4154115 31.28147741
111.4154179 31.1954953
111.4154653 31.12401021
111.4154737 31.1397302
111.415474 31.25842886
111.4154811 31.25752942
111.415486 31.24255234
111.4154882 31.25740807
111.4155456 31.21287017
111.4155813 31.19113276
111.4155953 31.25723675
111.4156025 31.25668709
111.4157027 31.21277737
111.4157348 31.13381899
111.4157593 31.14244328
111.4157606 31.18897617
111.4157725 31.1897138
111.4157788 31.23596263
111.4157881 31.25800056
111.4158594 31.25825754
111.4158766 31.18533671
111.4158827 31.28243395
111.4158858 31.23603402
111.4159023 31.25935685
111.4159625 31.27591499
111.415963 31.20774615
111.4160109 31.11698886
111.4160203 31.13325981
111.4160389 31.13968261
111.4160578 31.12333921
111.4160699 31.19009452
111.4160825 31.280992
111.4160892 31.11410264
111.4160964 31.23643337
111.4161273 31.11425969
111.4161321 31.23624301
111.4161502 31.18562224
111.4161664 31.25706543
111.4161995 31.14057541
111.4162071 31.23595074
111.4162108 31.11410495
111.4162335 31.18475374
111.4162464 31.13371191
111.4163084 31.11663194
111.4163356 31.19494247
111.4163737 31.1954374
111.4163737 31.22070336
111.4163824 31.28273377
111.4163862 31.12442424
111.416403 31.22055504
111.4164036 31.22034319
111.4164109 31.2824054
111.4164117 31.23605861
111.4164475 31.11771865
111.416481 31.11763235
111.4164876 31.25722961
111.4166235 31.22070336
111.4166536 31.28249106
111.4166536 31.2830193
111.416683 31.22058439
111.4166985 31.13431867
111.4167246 31.13185434
111.4167625 31.20698472
111.4168181 31.14075387
111.4168768 31.12648128
111.4168963 31.28033527
111.4169364 31.13435436
111.4169388 31.13166399
111.416973 31.25730813
111.416978 31.1377706
111.4169837 31.15836394
111.4170085 31.14502738
111.417059 31.19568486
111.4170799 31.13999194
111.4171161 31.19528511
111.417137 31.14462763
111.4171676 31.28294792
111.4172001 31.19045144
111.4172158 31.17643302
111.4172358 31.18999934
111.4172448 31.18509876
111.4172634 31.17559545
111.4173754 31.12326782
111.4174626 31.20606823
111.4174809 31.22157583
111.417534 31.20650367
111.4175471 31.27991966
111.4175497 31.12428861
111.4176346 31.20170211
111.4176585 31.13354348
111.4176899 31.28005291
111.4176997 31.12424578
111.417709 31.28058591
111.4177185 31.28039555
111.4177324 31.21499523
111.4177537 31.13381712
111.4177561 31.21101106
111.4177661 31.27987207
111.4177774 31.20219466
111.4177893 31.1992358
111.4178067 31.12341773
111.4178418 31.21124901
111.4178422 31.28030989
111.4178708 31.28048121
111.4179059 31.20193054
111.4179059 31.20213755
111.4180516 31.28025278
111.4180611 31.27994821
111.418063 31.13371005
111.4180874 31.18816311
111.418088 31.24854671
111.4180975 31.24938428
111.4181057 31.20108107
111.4181082 31.22934572
111.4181277 31.27985303
111.4181737 31.24866092
111.4182024 31.21498928
111.4182239 31.27244745
111.4182304 31.22129743
111.4182304 31.22144734
111.4182332 31.20892546
111.4182689 31.25000294
111.4182692 31.20632521
111.4183008 31.19911683
111.4183134 31.18827018
111.4183246 31.19867663
111.418332 31.2115274
111.4183657 31.28009098
111.4183747 31.27591499
111.4183926 31.24967933
111.4184116 31.24883225
111.4184368 31.15724335
111.418442 31.11227029
111.4184437 31.13343641
111.4184651 31.13525432
111.418469 31.1587781
111.4185231 31.22193275
111.4185246 31.13723522
111.4185247 31.20847931
111.4185319 31.12454797
111.4185656 31.27996725
111.4185803 31.11253401
111.4186081 31.15716721
111.4186508 31.21057324
111.4186516 31.22193275
111.4187274 31.28011953
111.4187317 31.21127756
111.4187432 31.15152973
111.4187555 31.20982133
111.418791 31.20130236
111.4187924 31.20842578
111.4188099 31.15184382
111.4188167 31.11214537
111.4188507 31.20962146
111.4188507 31.21058276
111.4188896 31.11274816
111.4189155 31.204473
111.418917 31.20827637
111.4189398 31.11222287
111.418946 31.21506661
111.4189491 31.11334303
111.418953 31.20867562
111.4189586 31.2231803
111.4189595 31.11222865
111.4190052 31.20053856
111.4190124 31.13527811
111.4190125 31.20886003
111.4190147 31.19786761
111.4190302 31.11227522
111.4190473 31.20688914
111.4190838 31.13542088
111.4191038 31.11231986
111.4191154 31.20440161
111.4191156 31.11300991
111.4191394 31.11205812
111.419149 31.11539413
111.4191589 31.21481082
111.4191677 31.11214537
111.4192077 31.21472754
111.4192223 31.28007194
111.4192313 31.13394799
111.4192384 31.13534949
111.4192604 31.28089048
111.4192764 31.20152365
111.4192907 31.200974
111.4193067 31.13209177
111.4193155 31.22332307
111.419324 31.19912873
111.4193915 31.16823994
111.4193938 31.20436592
111.4194685 31.20698908
111.4194817 31.23059373
111.4196038 31.12742525
111.4196179 31.14023381
111.4196255 31.20718895
111.4196267 31.16507962
111.419635 31.11213186
111.419643 31.13834167
111.4196902 31.12669403
111.4197293 31.20445872
111.4197469 31.20689628
111.4197587 31.16512959
111.4197981 31.14101904
111.4198006 31.18281049
111.4198134 31.11258396
111.4198167 31.13366246
111.4198194 31.11243524
111.4198589 31.24412914
111.4199435 31.20427312
111.419951 31.14087627
111.4199761 31.13482601
111.4199831 31.20088834
111.4200038 31.20720323
111.4200184 31.11210373
111.4200235 31.20821688
111.4200577 31.20439447
111.4200712 31.2307615
111.420072 31.20411608
111.4200735 31.19883129
111.4200793 31.11249832
111.4200958 31.16791633
111.4201155 31.15865437
111.4201187 31.20071702
111.4201228 31.11244119
111.4201435 31.22210954
111.4201726 31.2150678
111.4201894 31.12080314
111.4202164 31.13374812
111.4202287 31.16565218
111.4202335 31.14063356
111.4202358 31.11232816
111.4202401 31.19865283
111.4202623 31.11231193
111.4202854 31.23023802
111.420325 31.11203073
111.4203336 31.11202639
111.4203358 31.16588418
111.4203358 31.16643145
111.4203449 31.13403365
111.4203449 31.23223676
111.4203515 31.11216321
111.4203804 31.20839534
111.4203834 31.16610428
111.4204012 31.16575925
111.4204072 31.16560459
111.4204239 31.28287257
111.4204839 31.17008194
111.4205315 31.17021876
111.4205613 31.19865283
111.4205709 31.23232005
111.4206147 31.22106734
111.4206185 31.13849633
111.4206619 31.2828916
111.4206731 31.18094642
111.420678 31.23129688
111.4206898 31.20073843
111.4206917 31.24416483
111.4207099 31.16977856
111.4207099 31.17015927
111.4207201 31.13310543
111.4207411 31.14144256
111.4207575 31.17030204
111.4207613 31.23166569
111.420775 31.24236834
111.4208111 31.16984994
111.4208112 31.19851007
111.4208468 31.17003435
111.4208646 31.17029014
111.4208684 31.23151103
111.4209071 31.20473712
111.4209414 31.15776892
111.4209657 31.17003435
111.4209717 31.17029014
111.420991 31.14337373
111.4209985 31.158083
111.421043 31.22196677
111.4210504 31.18181932
111.421055 31.17007004
111.421055 31.17020091
111.4211263 31.17030204
111.4211266 31.14159961
111.4211308 31.23880668
111.421148 31.14350222
111.4211513 31.24557704
111.4211522 31.2386425
111.4211577 31.15461119
111.4211766 31.1433309
111.421198 31.14129265
111.421198 31.14168527
111.4212 31.22163841
111.4212008 31.12361138
111.4212679 31.14934717
111.4213428 31.22169551
111.4213554 31.15795451
111.4213681 31.13822269
111.42138 31.13905551
111.4213978 31.14123555
111.4214068 31.20435164
111.4214193 31.14364499
111.4214394 31.13882946
111.4214416 31.11168626
111.4214478 31.14328807
111.4214696 31.15819722
111.4214836 31.15691856
111.4215227 31.13921017
111.4215248 31.14904136
111.4215496 31.20468001
111.421554 31.20485273
111.4215618 31.24583879
111.4215703 31.13876997
111.4215737 31.1117862
111.4215779 31.14748405
111.4215822 31.13794906
111.4215996 31.20448013
111.4216112 31.14042655
111.4216124 31.15951068
111.421614 31.22135287
111.4216162 31.23843549
111.4216424 31.20470142
111.4216695 31.15975339
111.4216969 31.14034089
111.4217296 31.18177765
111.4217369 31.1381989
111.4217706 31.14719852
111.4217778 31.14756971
111.4217882 31.15706132
111.4218002 31.15318352
111.4218116 31.1649663
111.4218145 31.24420053
111.4218621 31.24437899
111.4218634 31.14734128
111.4218797 31.138651
111.4218865 31.14962081
111.4219138 31.22208099
111.4219272 31.13836546
111.4219572 31.15341194
111.4219627 31.20800273
111.4219741 31.12512531
111.4219901 31.24576145
111.4219957 31.1540014
111.4220007 31.28858114
111.4220071 31.15763239
111.4220138 31.22142426
111.4220281 31.22160985
111.4220684 31.214141
111.4220731 31.23933492
111.4220857 31.15289798
111.4221 31.15336911
111.4221091 31.24549971
111.4221119 31.24500954
111.4221137 31.22293759
111.4221507 31.16485387
111.4221531 31.20765771
111.4221659 31.23929209
111.4221674 31.18147308
111.4221902 31.14297398
111.4221983 31.24605145
111.422207 31.15774661
111.422213 31.15729273
111.4222367 31.15707857
111.4222522 31.1125882
111.4222597 31.12403968
111.4222715 31.12578858
111.422285 31.22282338
111.4222999 31.15342622
111.4223136 31.22313747
111.4223158 31.23943486
111.4223855 31.15309785
111.4224253 31.21418383
111.422457 31.24611599
111.4224824 31.21478346
111.4225043 31.14273128
111.4225243 31.11272252
111.4225426 31.1534405
111.4225433 31.16503233
111.422558 31.15725703
111.422579 31.16484792
111.4225824 31.21402679
111.4225854 31.15312641
111.4226171 31.20771719
111.4226395 31.21429805
111.4226513 31.23877813
111.4226543 31.15786082
111.4226623 31.16465162
111.4227034 31.13958422
111.4227034 31.13973413
111.4227276 31.22405118
111.4227753 31.16510966
111.4227991 31.16485387
111.4228276 31.22173834
111.4228344 31.18027042
111.4228508 31.18194231
111.4228518 31.11243829
111.4229192 31.14894742
111.4229524 31.29057989
111.422966 31.11156741
111.4229699 31.1468987
111.4230489 31.16468136
111.4230678 31.21465497
111.4231231 31.11086785
111.4231302 31.11128187
111.4231392 31.21482629
111.4231416 31.22186684
111.423146 31.13877045
111.4231565 31.15352616
111.4231873 31.11107486
111.4231915 31.21337482
111.4231988 31.22328024
111.423222 31.18137124
111.4232505 31.18162822
111.4232587 31.16986739
111.4232819 31.21466924
111.4233016 31.15828912
111.4233158 31.16954617
111.4233558 31.2228091
111.423373 31.16988881
111.4234557 31.22368712
111.4234818 31.21465497
111.4234832 31.1649663
111.4234843 31.22298042
111.4234868 31.15564059
111.4234868 31.15585474
111.4235014 31.17028142
111.4235014 31.17040991
111.4235361 31.18167105
111.4235811 31.15843487
111.4235929 31.13788957
111.4236014 31.16996733
111.4236103 31.21482629
111.4236442 31.17041705
111.4236992 31.12465834
111.4237388 31.21459786
111.4237559 31.11421805
111.4238726 31.16953903
111.4239253 31.12464644
111.4239617 31.13765162
111.4239734 31.2077053
111.4239955 31.175689
111.4241774 31.16079559
111.4242147 31.21282754
111.4243067 31.13755644
111.4243916 31.16083842
111.424463 31.16042439
111.4245288 31.17274277
111.4245401 31.16728687
111.4246353 31.16739394
111.4246486 31.15979622
111.4246654 31.11428428
111.4247762 31.17269518
111.4248037 31.1473627
111.4248415 31.11414152
111.4248653 31.11366087
111.4248791 31.16739989
111.4248893 31.15893753
111.4249456 31.11159588
111.4249684 31.1675724
111.4249769 31.15975339
111.4250022 31.23969184
111.4250219 31.16720359
111.4250279 31.16742369
111.4250332 31.21343668
111.4251197 31.15941074
111.4251587 31.16717384
111.4251625 31.15915376
111.4251944 31.16755456
111.4252242 31.16734635
111.4252468 31.15856574
111.4253075 31.16705487
111.4253142 31.15545499
111.425412 31.11109619
111.4254502 31.16729877
111.4254935 31.11326112
111.4255038 31.167156
111.4255091 31.21342717
111.4255215 31.15837879
111.4255265 31.10785658
111.4255316 31.15676865
111.4255616 31.22280196
111.4255918 31.15877275
111.4255948 31.21396016
111.4256113 31.2867699
111.4256113 31.28978515
111.4256286 31.16011506
111.4256572 31.11095684
111.4256863 31.15694711
111.4257018 31.21304169
111.4257213 31.11153877
111.4257523 31.1602959
111.4257702 31.15879417
111.425779 31.11352762
111.4258642 31.16180686
111.4259027 31.11320877
111.4259237 31.16014362
111.4259469 31.21379836
111.4260276 31.11071132
111.4260609 31.1107256
111.426092 31.24059128
111.426125 31.1126569
111.4261468 31.2135509
111.4261752 31.1075639
111.4261892 31.1127604
111.4262335 31.15753008
111.4262822 31.11473899
111.4263044 31.16221137
111.426332 31.11305308
111.4263639 31.16190204
111.4263726 31.11489603
111.426394 31.17766871
111.426425 31.11472471
111.4265159 31.28420693
111.4265341 31.1588941
111.4265423 31.16038156
111.4265542 31.16221137
111.4266388 31.16397366
111.4266605 31.17766871
111.4267136 31.16026735
111.4267232 31.16004844
111.4267551 31.11120894
111.4267867 31.11460574
111.426834 31.12306431
111.4268509 31.17902025
111.4268522 31.15768474
111.4269318 31.17940381
111.426996 31.11457243
111.4270106 31.2130298
111.4270865 31.11466761
111.4271386 31.12332129
111.4271578 31.17537253
111.4272033 31.21356993
111.4272052 31.12338792
111.4272159 31.11024843
111.4272205 31.16265157
111.427229 31.12310714
111.4272427 31.10999859
111.4272861 31.12321184
111.4273306 31.28962811
111.4273556 31.21325584
111.4273982 31.10854424
111.4274122 31.10636347
111.4274657 31.11056371
111.4274955 31.12310714
111.4274964 31.10640747
111.4275029 31.10861086
111.4275179 31.1620805
111.4275535 31.10629801
111.4276124 31.10864893
111.4276144 31.10598276
111.4276204 31.10607793
111.4276488 31.16265157
111.427653 31.21307738
111.4277028 31.10868224
111.4277558 31.1616403
111.4278003 31.17453021
111.4278315 31.21318446
111.427858 31.10623139
111.4278618 31.15936524
111.4278748 31.16225896
111.427882 31.16364856
111.4278981 31.21339385
111.4279229 31.15756577
111.4279342 31.10645981
111.4279348 31.1578513
111.4279573 31.17451593
111.4279675 31.10625042
111.427976 31.15919391
111.4279988 31.11452715
111.4280235 31.2903882
111.4280247 31.16399121
111.4280533 31.1620686
111.4280557 31.16051481
111.4280961 31.16424819
111.4281144 31.17430178
111.4281184 31.12345845
111.4281742 31.28872981
111.4281755 31.12325857
111.4281815 31.11004901
111.4281931 31.21343192
111.4282211 31.1591606
111.4282578 31.10637415
111.4282911 31.10611717
111.4283666 31.10857143
111.4283958 31.10669776
111.4284163 31.17702718
111.4284329 31.1596936
111.4284425 31.12373056
111.4284575 31.12335494
111.4284591 31.1777553
111.4284868 31.11263294
111.4284971 31.15899404
111.428503 31.16037205
111.4285305 31.17878322
111.4285665 31.10997055
111.4285733 31.17852624
111.4285814 31.10605055
111.4286042 31.15906542
111.4286214 31.21356517
111.4286256 31.1592653
111.4286426 31.10864757
111.4286766 31.10712606
111.4286976 31.21345096
111.4287041 31.15937237
111.4287289 31.10664065
111.4287826 31.15972929
111.4287908 31.14238863
111.4288499 31.21356517
111.4288612 31.15950087
111.4289327 31.12333081
111.4289567 31.17351655
111.4292185 31.10959935
111.4292401 31.21333675
111.4292677 31.12349384
111.4293279 31.17334523
111.4293926 31.12351169
111.4294183 31.10955652
111.4295532 31.12345815
111.4296018 31.21302266
111.4296665 31.14229346
111.4297065 31.2130988
111.4297341 31.10628756
111.4297446 31.212937
111.4298017 31.21269953
111.4298642 31.10515232
111.4299285 31.10496673
111.4299425 31.10580784
111.4299558 31.12338316
111.4299825 31.2128323
111.4300186 31.10578405
111.43009 31.10510828
111.4301319 31.12347834
111.4301566 31.10664065
111.4301747 31.1215938
111.4301852 31.10499407
111.430209 31.10779707
111.4302185 31.14206503
111.4302283 31.10615527
111.4302604 31.12190789
111.430268 31.21290844
111.4303565 31.10785418
111.4304326 31.10768762
111.430446 31.12352117
111.4305079 31.12373532
111.4305155 31.21292748
111.4305612 31.14221731
111.4306268 31.12240758
111.4306602 31.12379718
111.4307059 31.21287989
111.4307515 31.10946745
111.4307744 31.12297865
111.4309942 31.10499883
111.4311342 31.1678164
111.4311903 31.10810547
111.4312807 31.10503597
111.4314247 31.11150703
111.4314272 31.10526533
111.4315054 31.16836843
111.4315795 31.1090915
111.4315899 31.11061136
111.4316005 31.16817808
111.4316795 31.10504641
111.4317366 31.10872982
111.4317842 31.10943414
111.431827 31.10510828
111.4318317 31.10858705
111.431847 31.10467429
111.4318555 31.10944366
111.4318651 31.10869651
111.4319555 31.10932944
111.4319993 31.10510259
111.4320935 31.10841097
111.4320955 31.16772122
111.4321492 31.16739936
111.4325592 31.10523066
111.4325789 31.10515587
111.4325789 31.10595061
111.4326275 31.10509307
111.4326408 31.10611717
111.4326856 31.16770813
111.4326884 31.10513683
111.4327227 31.10428406
111.4327645 31.11075236
111.4327781 31.1053306
111.4327807 31.16794608
111.4329462 31.28839079
111.4329596 31.11090465
111.4329637 31.10543054
111.4330796 31.10418888
111.4332317 31.29219792
111.4332414 31.10427454
111.433289 31.10413653
111.4333498 31.11099983
111.433408 31.10427454
111.4335555 31.10415557
111.4336021 31.10613621
111.4336211 31.1059173
111.4336507 31.10424599
111.4336592 31.10616
111.4337163 31.10726407
111.4337273 31.12391299
111.4337792 31.10443158
111.4338067 31.11972293
111.4338638 31.10709275
111.4339447 31.10711655
111.433979 31.10478374
111.4340883 31.28753418
111.4341868 31.10388389
111.4342354 31.10948079
111.4342996 31.10949745
111.4345804 31.10957359
111.4346589 31.10922619
111.4346823 31.10988624
111.4347109 31.11001473
111.4347591 31.11697308
111.4348108 31.10989576
111.4348727 31.10990527
111.4349732 31.11702542
111.4350446 31.11663995
111.4351874 31.11719675
111.4352528 31.10531632
111.4353397 31.11709205
111.4353432 31.10376968
111.4353575 31.1052497
111.4355526 31.10503555
111.4355729 31.11660188
111.4355811 31.10891883
111.4356056 31.10666921
111.4356722 31.106693
111.4356858 31.1055162
111.4357525 31.10520211
111.4357763 31.10534012
111.4358714 31.10896166
111.4360475 31.10528301
111.4361284 31.10520687
111.4361617 31.10614438
111.4362236 31.10522115
111.4362521 31.10921388
111.4363004 31.11670577
111.4364565 31.16857782
111.4365811 31.11512581
111.4366668 31.1166677
111.436685 31.16821615
111.4368905 31.11543038
111.4369857 31.11652018
111.4370999 31.11656776
111.4372046 31.11683426
111.4373131 31.16751183
111.4374704 31.10722941
111.4375133 31.11746585
111.4376513 31.11766573
111.437809 31.11510202
111.4379944 31.11487425
111.4383453 31.11464225
111.438412 31.10410243
111.4384762 31.11233298
111.4386547 31.11923461
111.4386618 31.11181188
111.4386761 31.10408815
111.438775 31.11438818
111.4388153 31.11925245
111.4388617 31.11184757
111.4388749 31.1145595
111.438876 31.10371695
111.4390177 31.10294297
111.4390368 31.11446908
111.4391401 31.11178333
111.4391484 31.11540368
111.4392176 31.11462612
111.4392257 31.11916322
111.4393031 31.11414256
111.4393365 31.17771852
111.4393685 31.11408902
111.4393699 31.11452619
111.4394613 31.11267562
111.4394651 31.11465944
111.4394827 31.11209028
111.4395174 31.10303339
111.4395755 31.10360274
111.4395946 31.11391056
111.4396005 31.11441025
111.4396173 31.1164012
111.4396696 31.17793268
111.4396887 31.10313333
111.439703 31.11461185
111.4397125 31.11629651
111.4397135 31.11432697
111.4398147 31.11401764
111.4398384 31.11904425
111.4399039 31.11173336
111.4400171 31.11514485
111.4400538 31.11176905
111.4401395 31.10487337
111.4401656 31.11854456
111.4401716 31.11389867
111.4401954 31.11876466
111.4402192 31.11415446
111.4402192 31.11890148
111.4402251 31.10266047
111.4402846 31.11852672
111.4402894 31.10469491
111.4403024 31.11877656
111.4403036 31.10492334
111.4404095 31.11863379
111.4404393 31.10691495
111.4404964 31.10707913
111.4405106 31.10742177
111.4405535 31.10478057
111.4405701 31.11800919
111.4406215 31.10502738
111.4406748 31.10672221
111.4406891 31.10705058
111.4407034 31.1069435
111.4407129 31.11788426
111.4407189 31.1181698
111.4407426 31.11358934
111.4407462 31.10291745
111.4407523 31.17875359
111.4407545 31.11802703
111.4407605 31.10753599
111.4407962 31.10313161
111.4408023 31.11612043
111.4408064 31.11816541
111.4408676 31.11157631
111.4408795 31.11789616
111.4409033 31.10707199
111.4409104 31.10681501
111.4409746 31.11187612
111.4410069 31.11635837
111.4410639 31.11812221
111.4410889 31.1067936
111.441096 31.10752171
111.4411072 31.16716799
111.4411388 31.106608
111.4411497 31.11768611
111.4411964 31.16707876
111.4412037 31.27850943
111.4412262 31.16723343
111.4412388 31.11154776
111.4412467 31.11589201
111.441303 31.11181902
111.4413316 31.118146
111.4413458 31.10438796
111.4414386 31.10650806
111.441482 31.16685866
111.4415209 31.11767183
111.4415542 31.10309526
111.4415712 31.16697169
111.4416732 31.11770515
111.441698 31.17830738
111.4417556 31.16668615
111.4418027 31.11338232
111.4418112 31.11758142
111.4418112 31.11772894
111.4418389 31.16682892
111.4420097 31.11328952
111.4421668 31.10450218
111.4421882 31.11060549
111.4421882 31.11344657
111.4422024 31.10638671
111.4422453 31.1043023
111.4422952 31.10653661
111.4422965 31.11448765
111.4423024 31.10701489
111.4423095 31.10418095
111.4423238 31.11323956
111.4423452 31.11088389
111.4423523 31.17845015
111.4423809 31.10631532
111.4424131 31.17158665
111.4424166 31.10674363
111.4424451 31.1052874
111.4424594 31.11059122
111.4424666 31.11041276
111.4424666 31.11340374
111.4425379 31.10540875
111.4425379 31.10726473
111.4425554 31.11526383
111.4425887 31.11504016
111.4426315 31.11516865
111.4426379 31.10702202
111.4426606 31.17177701
111.4426796 31.1727859
111.4427307 31.11110518
111.4427592 31.10687926
111.4427807 31.10927775
111.4428163 31.10942766
111.4428592 31.10737181
111.4428742 31.10676916
111.442879 31.11520673
111.4428961 31.11460656
111.4429218 31.10682626
111.4429306 31.10622253
111.4429377 31.10929203
111.4429948 31.10645809
111.4430413 31.17257651
111.4430519 31.10928489
111.4430551 31.10637893
111.4431281 31.11452922
111.4431304 31.10633674
111.4432018 31.10939911
111.4432978 31.11469276
111.4433303 31.11496348
111.4433597 31.11472132
111.4433946 31.10932772
111.4435873 31.10612259
111.4436515 31.10937769
111.4437705 31.11467794
111.44378 31.10938483
111.4438835 31.11470768
111.4438871 31.10941338
111.4440513 31.1074075
111.4440977 31.11471958
111.4441131 31.17784339
111.4441298 31.1064224
111.4442226 31.11527281
111.4442297 31.10981313
111.4442583 31.10677218
111.4443392 31.17796236
111.4443594 31.11520737
111.4443868 31.10654375
111.4443923 31.10763528
111.4443951 31.11432102
111.4444082 31.10644382
111.4444368 31.10697919
111.4444494 31.11107598
111.4444725 31.10987024
111.4444725 31.11558808
111.4445018 31.11121399
111.4445224 31.10714338
111.4445256 31.11129013
111.4445827 31.11111405
111.4445855 31.11627218
111.4446224 31.10673649
111.4447159 31.10721174
111.4447294 31.10663655
111.4447642 31.15043063
111.4447642 31.15043063
111.4448948 31.11611751
111.4448993 31.17177942
111.4449186 31.11620674
111.4449424 31.11526091
111.4449793 31.10680073
111.4450491 31.10734499
111.4451211 31.15126344
111.4453005 31.10641526
111.4454168 31.17130353
111.4454861 31.1074075
111.4455432 31.10695064
111.4455646 31.10637243
111.4455834 31.17125594
111.4456297 31.10673109
111.4456384 31.11589741
111.4456565 31.14971679
111.4456565 31.14971679
111.4456964 31.17133327
111.4458343 31.10716891
111.4458914 31.10718318
111.4460913 31.10716891
111.4463703 31.15239368
111.4464893 31.15037114
111.4464893 31.15037114
111.4464893 31.15316701
111.4467272 31.14900295
111.4468519 31.1713109
111.4473242 31.17252562
111.4474372 31.17223176
111.4474587 31.17170351
111.4475005 31.15394033
111.4477385 31.15745004
111.4477823 31.17346551
111.4478418 31.17312048
111.4480143 31.17307289
111.4481035 31.17266244
111.4487498 31.15411879
111.4491067 31.15745004
111.4491067 31.15745004
111.4491067 31.16137615
111.4492851 31.15667671
111.4498205 31.15209625
111.4501774 31.15608185
111.4525185 31.2849397
